Instancja;Zadania;Tabu200;;Tabu500;;Tabu100;;Carlier;;CarlierQueue;;GreedyCarlier;;DeepGreedyCarlier
Instancja;Zadania;CMax;Czas;CMax;Czas;CMax;Czas;CMax;Czas;CMax;Czas;CMax;Czas;CMax;Czas;
data.000.txt;4;283;20.4863;283;17.5858;283;15.3327;228;25.1728;228;18.2366;228;15.1198;228;13.029
data.001.txt;50;3109;618.9062;3109;1816.8907;3109;194.6887;3026;39.669;3026;13.7623;3026;10.9152;3026;11.637
data.002.txt;50;3708;746.8373;3708;2573.061;3708;161.1234;3665;56555.513;3665;9011.2996;3665;5.121;3665;2.8331
data.003.txt;50;3309;576.463;3309;1781.3317;3309;174.8324;3309;131.2827;3309;29.3276;3315;1.8953;3315;3.3866
data.004.txt;50;3235;847.0003;3235;2572.6205;3235;200.9548;3191;22.8316;3191;0.7135;3191;1.5017;3191;3.7264
data.005.txt;50;3625;618.9119;3625;1939.8681;3625;141.193;3618;7797.2179;3618;1305.0457;3625;0.7122;3625;3.6659
data.006.txt;50;3446;742.8172;3446;2316.072;3446;167.2665;3446;367155.573;3446;57673.7097;3446;0.7131;3446;3.8196
data.007.txt;50;3862;584.3685;3862;1780.9214;3862;114.9358;0;0;0;0;3821;0.5867;3821;1.342
data.008.txt;50;3645;540.414;3645;1692.1745;3645;115.4349;0;0;0;0;3634;4.1316;3634;1.367
data.txt;20;1361;717.5542;1361;2203.0782;1361;161.1073;1361;0.7928;1361;0.0608;1361;0.0754;1361;0.0868
in100.txt;100;3076;655.6104;3076;1831.3322;3076;161.6798;3070;19.4737;3070;0.546;3070;8.0709;3070;13.1841
in110.txt;110;6398;612.4965;6398;1757.739;6398;160.9098;6398;0.9511;6398;0.0879;6398;1.0166;6398;1.0065
in120.txt;120;6398;738.9931;6398;1835.6333;6398;209.0163;6398;2.4013;6398;8.6784;6398;0.9976;6398;0.9634
in130.txt;130;6409;672.9528;6409;1820.3896;6409;206.2603;6398;16.793;6398;1.3019;6398;3.3137;6398;0.7173
in140.txt;140;6415;715.937;6415;1861.3789;6415;209.4546;6398;28.7157;6398;1.5104;6398;4.5244;6398;5.425
in150.txt;150;6407;745.7988;6407;1850.2735;6407;232.2886;6398;60.6022;6398;5.3829;6398;6.5024;6398;14.4352
in160.txt;160;6421;707.9804;6421;1822.2035;6421;239.8229;6398;24.7472;6398;1.2264;6398;17.3507;6398;40.8314
in170.txt;170;6429;788.066;6429;1904.1677;6429;276.074;6398;160.2569;6398;15.3216;6398;18.0972;6398;28.3238
in180.txt;180;6404;888.1864;6404;2115.9612;6404;320.0454;6398;143.4721;6398;10.1917;6398;29.1722;6398;46.6473
in190.txt;190;6414;791.3208;6414;1927.3067;6414;288.1394;6398;164.2065;6398;10.9513;6398;31.9621;6398;45.5543
in200.txt;200;6416;773.3157;6416;1901.9981;6416;267.0973;6398;184.1054;6398;16.1314;6398;39.2875;6398;61.7305
in50.txt;50;1513;587.303;1512;1897.5714;1513;162.4557;1492;6.5792;1492;0.9516;1492;1.6222;1492;3.2232
in60.txt;60;3077;755.1432;3077;2313.1332;3077;182.783;3070;11.72;3070;0.4337;3070;0.256;3070;0.9042
in70.txt;70;3074;688.1439;3074;2076.7389;3074;173.2732;3070;8.6294;3070;0.2761;3070;3.1058;3070;3.6376
in80.txt;80;3081;893.369;3081;2332.0316;3081;230.7942;3070;49.5647;3070;9.8394;3070;15.237;3070;4.3781
in90.txt;90;3078;692.5373;3078;2027.2028;3078;191.2263;3070;38.4637;3070;8.1918;3070;4.158;3070;7.7659
problem0.txt;10;8189;534.1566;8189;1626.1471;8189;116.8257;8189;0.6052;8189;0.0202;8189;0.5787;8189;0.0221
problem1.txt;20;9106;524.8851;9106;1634.8427;9106;118.0236;9106;0.1802;9106;0.0176;9106;0.1774;9106;0.1814
problem10.txt;110;9864;627.0767;9864;1796.5944;9864;164.7583;9788;46.5246;9788;6.0555;9788;9.1626;9788;13.1135
problem11.txt;120;9730;642.2798;9730;1725.7486;9730;187.7929;9699;72.0938;9699;11.762;9699;9.6241;9699;15.0014
problem12.txt;130;10072;725.2598;10072;1815.8412;10072;247.2348;10026;119.0824;10026;11.6878;10026;14.5075;10026;20.2703
problem13.txt;140;9753;761.8023;9753;1861.5861;9753;267.8863;9740;169.7748;9740;20.8931;9740;14.488;9740;32.5322
problem14.txt;150;9712;665.2151;9712;1898.5137;9712;216.9551;9712;1.9048;9712;0.3205;9712;2.0031;9712;0.6339
problem15.txt;160;10206;817.9492;10206;1966.3447;10206;295.6541;10182;336.8514;10182;27.8369;10182;31.3643;10182;47.6763
problem16.txt;170;10944;794.3964;10944;1895.5209;10944;296.1392;10944;1.3611;10944;0.0699;10944;3.2755;10944;3.3909
problem17.txt;180;10925;700.6933;10925;1870.9698;10925;219.6398;10925;1.5965;10925;0.65;10925;10.734;10925;2.0091
problem18.txt;190;12319;777.0462;12319;1896.1239;12319;272.749;12319;3.4066;12319;0.0813;12319;3.8066;12319;3.8418
problem19.txt;200;12711;950.0403;12711;2289.1009;12711;327.5067;12711;8.5947;12711;0.3818;12711;5.4374;12711;23.3231
problem2.txt;30;9833;536.3456;9833;1708.0671;9833;136.6517;9833;1.0599;9833;0.2993;9833;7.1248;9833;0.3528
problem20.txt;210;11732;806.6279;11732;1970.1546;11732;288.6684;11732;12.5576;11732;0.2266;11732;3.7041;11732;3.7024
problem21.txt;220;12056;811.2838;12056;2080.9762;12056;283.0761;12056;12.8978;12056;0.0856;12056;4.2034;12056;4.234
problem22.txt;230;13684;806.2099;13684;1946.218;13684;269.089;13684;3.7393;13684;0.1093;13684;8.8101;13684;4.2582
problem23.txt;240;14976;730.7074;14976;1951.8453;14976;230.5836;14976;14.4127;14976;0.0942;14976;7.1542;14976;6.4254
problem24.txt;250;15527;855.0267;15527;2105.8197;15527;321.0109;15527;14.7432;15527;0.1111;15527;8.8825;15527;4.5604
problem25.txt;260;15740;954.4892;15740;2306.2122;15740;340.4094;15740;7.0294;15740;0.1127;15740;7.0777;15740;6.4368
problem26.txt;270;16519;976.9948;16519;2298.2043;16519;346.8351;16519;10.7479;16519;1.2304;16519;11.7865;16519;8.2074
problem27.txt;280;16720;1008.5399;16720;2316.2802;16720;400.7141;16720;10.4414;16720;0.145;16720;7.3368;16720;10.1563
problem28.txt;290;17326;925.766;17326;2309.4064;17326;356.1785;17326;18.0031;17326;0.1279;17326;10.0038;17326;10.314
problem29.txt;300;18144;1021.8808;18144;2329.3582;18144;365.2129;18144;11.0734;18144;0.9814;18144;11.0934;18144;8.632
problem3.txt;40;8872;528.8941;8872;1679.5046;8872;121.6051;8872;1.05;8872;0.1547;8872;0.7618;8872;0.552
problem4.txt;50;9388;587.8779;9388;1702.3764;9388;165.6076;9388;0.9436;9388;0.1669;9388;1.1108;9388;0.5147
problem5.txt;60;8878;565.5162;8878;1705.5661;8878;155.7072;8864;4.2133;8864;1.0372;8864;1.6155;8864;2.7393
problem6.txt;70;9095;671.7692;9095;1790.5567;9095;191.473;9095;0.3414;9095;0.0475;9095;1.1161;9095;0.1748
problem7.txt;80;9878;570.626;9878;1805.1408;9878;143.7193;9878;0.7504;9878;0.0509;9878;0.823;9878;0.7531
problem8.txt;90;9180;747.0474;9180;1883.8014;9180;201.0254;9151;29.1988;9151;7.0272;9151;4.1363;9151;4.8084
problem9.txt;100;8962;627.8934;8962;1790.2601;8962;195.1826;8941;29.6241;8941;5.5189;8941;6.2078;8941;6.8567
test1.txt;50;3109;558.5518;3109;1739.8344;3109;128.3855;3026;26.6645;3026;7.138;3026;3.7091;3026;4.369
test2.txt;7;53;0.3947;53;0.4211;53;0.0059;50;0.8324;50;0.0139;50;0.0225;50;0.0246
