400
2453 50 4103
1145 36 2703
1892 75 2822
1502 102 3699
2688 91 2587
3338 94 4106
1234 77 4665
1925 16 3566
3116 37 1042
1271 17 4186
4555 15 2155
3030 23 1812
760 85 5083
2416 22 518
4229 98 1797
3882 93 3190
3597 79 884
3471 69 1721
1494 65 591
4713 84 1383
1397 19 3681
3305 35 102
2881 102 474
3960 17 2387
1771 90 3441
2965 85 4124
233 40 1542
2552 66 322
4039 109 2592
4287 53 462
4232 45 1954
1071 44 1162
2366 11 2773
1878 25 4980
4748 32 1920
5091 66 459
4299 12 4544
4661 22 816
5016 24 1032
4056 11 3064
3984 50 1931
4621 65 3626
4949 16 1066
1930 76 4187
2979 67 621
3301 24 4509
3810 95 1288
1847 68 3119
3412 22 1005
892 29 641
2555 40 2553
2966 47 2424
3987 58 3361
4686 97 458
5084 25 1396
886 43 2946
1297 24 2797
344 28 1503
3589 44 3035
2581 84 1591
2296 14 3256
1942 16 184
792 27 4853
4549 85 3281
2273 51 3150
1365 31 1714
2134 86 2342
1588 62 3960
531 70 1017
3102 81 4934
4706 19 482
1417 62 2039
3960 94 676
3914 51 600
2405 12 4289
4347 83 4559
4132 20 3017
1153 94 578
3462 91 4660
3199 66 2712
3470 79 901
3619 32 3316
4025 102 2847
2996 11 3369
2849 26 214
4283 31 4837
1808 57 1777
2348 52 3423
2181 25 117
1619 85 1157
595 60 819
1360 86 231
3347 100 3483
808 18 2962
4387 78 3422
514 81 4216
4491 48 2954
394 36 4325
691 64 1071
4481 77 631
4424 62 4324
3302 12 3652
2461 84 2891
1824 39 2436
4427 76 1957
2854 39 1929
3976 16 832
3263 107 3521
2810 53 3766
4731 16 3115
107 80 4098
385 98 789
4734 70 3597
5089 33 2816
4032 59 1654
4725 107 714
2254 41 2929
886 53 3422
1440 81 3059
2590 24 3270
741 104 195
2565 108 1786
3881 60 601
2968 100 4934
295 34 4567
3720 40 1164
1077 64 1054
901 85 1241
1419 23 3974
2171 87 3411
3248 73 3204
1648 29 4727
1158 30 5009
2712 104 389
2081 35 544
781 50 4438
2083 21 3065
1252 12 1958
773 98 3675
430 83 4789
815 58 3753
738 97 1555
1080 90 3023
3498 95 4825
2712 107 4214
3618 64 5014
3350 72 1312
784 29 3735
4450 59 2196
705 100 3354
2528 19 3779
858 70 4938
2590 75 4209
949 26 2897
4975 22 3106
4769 33 2506
2532 21 833
5026 96 2345
4021 40 4778
2208 83 287
237 91 1239
2877 91 1692
4394 101 779
2459 13 4962
4932 87 566
5051 39 2810
773 84 3705
3489 27 3333
265 38 3789
2795 41 2011
1670 17 1638
2605 10 4083
676 50 3270
2299 86 3820
1225 46 4327
967 64 2160
2983 56 2006
3032 25 4854
182 46 4064
4043 41 2276
1813 27 746
768 104 4230
2925 10 1242
4233 43 4665
2026 44 3784
1309 41 4607
296 96 4039
4042 58 1271
476 40 1831
4265 12 2600
3618 62 2980
1584 31 4173
902 37 3624
3984 34 4784
4785 37 2723
922 81 1732
3460 31 3757
1162 12 101
3659 101 3483
1517 97 4969
3100 72 3396
4327 72 4888
267 104 2282
3737 15 3475
2693 26 2681
3107 14 198
3324 48 195
4741 31 1966
4893 87 4241
1006 59 3365
1056 41 2797
3035 28 3302
3003 15 1944
937 43 1466
1032 13 5010
278 50 4480
491 22 3005
4126 47 4489
343 35 3510
3555 47 1333
145 34 319
5092 38 4131
2932 26 3436
1092 36 3387
4066 37 582
3808 95 1652
4420 73 470
1776 38 2693
276 97 4440
2216 50 531
2005 75 3888
4660 98 4096
2453 29 3890
2934 62 4510
913 14 4679
1737 85 3681
3499 64 3737
1523 64 4620
2495 81 2437
247 20 3508
1422 16 920
3460 76 2181
3822 106 3379
773 97 2517
827 27 2256
941 104 3272
209 12 264
4405 23 4647
4436 106 4630
210 40 1689
228 48 3851
1143 84 958
3419 98 3874
3200 67 3716
4784 52 2011
4545 26 1005
410 76 3426
2070 22 3939
1336 76 2448
4315 83 1060
4198 31 746
4605 99 3764
449 58 988
3832 45 4276
2384 79 2238
2331 96 1403
501 37 502
1034 74 4827
4646 60 5082
3776 35 3568
2904 73 3036
2731 30 2817
1955 62 892
3308 80 446
2524 55 3449
3955 10 1826
1809 98 2962
4485 44 2365
4853 43 2534
3394 46 616
4743 74 3882
4531 13 4889
548 101 1194
3056 56 3399
2200 59 3329
2533 34 3976
544 30 3201
4927 67 1178
2252 20 1149
337 102 1626
1192 30 3037
4470 43 3772
1737 19 4038
2339 65 1258
220 62 1966
1076 87 2041
2322 101 267
1646 62 2218
210 74 2505
4099 81 2467
1583 51 1120
2027 74 265
3567 52 3954
2227 69 2298
841 104 3940
3823 89 4892
3967 30 4146
3700 28 4934
956 76 3596
1076 50 659
3328 109 2477
3811 17 4577
4459 45 5053
3283 11 577
1781 22 2847
2564 27 358
1524 28 1901
974 99 3420
3743 93 4176
4458 83 1984
1890 42 555
4964 65 1703
2830 91 3043
2548 47 2540
4621 44 4460
1414 34 3321
1572 33 505
4318 85 3020
3939 93 275
4802 34 1413
1388 91 3973
1649 40 4798
3124 76 3496
3279 55 1098
400 55 3489
2089 91 1702
2583 38 1598
654 45 3956
5095 58 110
3753 58 2085
2068 14 2729
155 31 2076
2184 52 458
3424 89 4961
4655 47 4997
4059 102 3749
623 90 3254
4524 95 4032
1984 25 4202
3901 13 3319
2950 33 4809
1295 37 2388
4212 79 4126
4129 16 800
3671 35 3542
2845 81 506
1480 23 815
4859 59 1177
3440 58 2938
1731 39 2569
1022 109 3699
3935 33 362
4270 20 3150
3094 40 2825
1252 75 4638
3204 15 1704
3818 95 3556
3628 49 3944
2196 70 2539
3459 33 4151
2980 12 245
4785 69 4614
1443 84 4597
3439 59 4795
2040 85 3091
371 11 4106
2606 12 4113
4772 50 1355
1988 50 3177
4158 52 4565
5091 84 3814
1509 74 868
1646 57 2442
2383 88 2633
2822 90 1459
2715 47 4452
641 14 3028
1007 11 3750
2506 58 205
502 17 1206
271 58 4498
3314 16 1674
879 44 4069
2800 88 4275
2653 72 626
718 89 2465
3507 75 2919
2942 52 618
1685 89 2508
4613 39 3098
