950
1567 78 686
2805 12 4392
4769 26 2414
2201 25 2945
5042 103 452
2566 109 2200
4906 33 3988
2593 26 3512
2290 47 3484
4718 38 524
4174 32 3899
4782 19 908
1049 81 997
1493 36 2120
1440 101 4796
939 107 3031
1122 78 657
4619 79 580
3496 53 4635
4423 54 2959
4763 29 2022
1110 62 620
1379 10 1674
4106 97 643
5017 93 2272
898 88 986
2894 86 2710
1654 62 605
5023 69 897
2128 41 2408
637 60 276
404 102 3200
740 17 3318
1347 43 1825
1832 56 2958
1721 29 3026
2697 72 2138
234 41 1785
3093 70 1314
381 27 1756
2606 59 1570
1712 34 4204
3644 40 1017
4724 37 2273
3423 31 472
2028 18 1819
134 52 4792
4193 98 620
1085 28 4862
2409 47 2299
4096 99 3036
1066 50 900
344 84 3010
2413 47 3125
1309 86 3274
2205 16 3292
3896 96 2613
2831 23 466
3561 97 1316
3561 52 4454
4295 82 1772
3906 10 4554
4888 47 1612
895 49 2329
1698 59 2420
155 52 1711
1354 23 2805
1893 69 1833
4829 75 4009
3028 39 1993
3166 52 1214
2951 43 703
533 20 3402
1922 89 870
3796 59 4020
4543 81 1434
470 101 3572
3738 23 471
1540 13 3728
4922 93 3185
5073 57 4428
965 24 4619
3526 52 4840
808 25 2883
937 78 2971
2565 44 3050
2453 56 1783
1707 67 3235
671 20 2365
613 37 4094
909 72 1839
922 34 2970
3125 45 216
813 107 4686
2925 52 4025
232 56 962
705 96 4397
3898 28 2983
2694 12 4036
4750 75 3073
2315 75 4655
2144 90 863
3091 49 1395
3058 21 4202
2006 95 2273
202 68 1669
1379 31 1938
3415 45 3255
3401 15 4407
273 49 3099
2249 40 754
1757 99 3912
2067 64 2239
1515 107 3136
876 50 2154
764 68 5010
2426 39 5031
1030 15 4044
3166 71 295
4780 21 3243
3991 29 2756
813 62 1480
460 106 2730
3109 86 2863
4806 103 4571
4224 63 3641
183 33 1701
2022 29 399
3011 106 1227
223 78 596
2640 74 3028
1570 60 491
3657 91 1589
877 91 2853
1602 50 4574
3375 26 4260
4663 95 1169
4796 15 2959
327 15 3055
2372 36 1401
4909 13 2970
3311 29 4924
3971 12 3959
2013 102 4410
170 91 4253
127 18 887
2512 63 4418
4651 61 1229
2476 77 772
469 74 4952
1525 95 4770
3984 22 553
3441 63 3030
3772 14 3142
378 48 1394
3593 15 4129
510 61 3402
2193 47 1953
3064 54 4715
4707 90 1784
3218 59 454
2588 28 1111
2009 99 1266
2397 40 1137
2849 32 1949
507 60 899
4798 47 4954
943 67 2307
750 15 4055
4908 77 709
5028 50 2964
4870 40 1721
4962 55 3279
3701 46 3221
2274 48 2065
3289 13 1503
629 65 2530
2983 91 5008
4779 105 3185
243 11 3410
2135 51 1639
4604 12 3246
2166 27 942
2734 79 4032
3713 26 312
1049 62 1751
1147 35 2093
4877 44 3685
2009 95 3000
1251 58 3569
1143 32 1065
562 33 1623
3724 16 2017
4936 48 1460
436 80 271
2189 108 3968
3880 57 1832
4386 58 4546
935 74 1806
2789 33 2689
4094 60 3486
3557 62 2393
930 67 2381
4006 70 893
2160 29 1004
3191 52 2121
4962 10 1256
2779 58 3231
4483 22 1420
3407 65 3111
4544 12 1632
2375 48 4484
1237 37 355
612 41 2892
270 88 1335
704 49 4749
2597 56 3833
1232 72 1150
1305 52 1067
4920 78 3349
2056 27 3892
3527 49 1673
781 75 3611
580 53 3041
2749 23 5006
3177 109 4462
3919 95 1444
1836 45 499
2035 62 1735
4290 70 2707
2878 59 1612
707 42 2601
1971 67 2274
500 16 4903
114 43 4118
4740 91 2987
1852 102 3034
1723 36 2537
3930 58 4244
4515 12 555
2155 19 364
4091 29 4888
1992 80 3102
1264 27 555
2877 10 1125
1296 24 3022
2119 91 3603
883 41 1711
265 81 1748
2757 99 4456
1580 27 1955
2981 21 3691
1139 25 4701
4945 65 3858
4550 36 5012
2112 45 3438
4885 22 2876
2973 104 5060
4135 64 1693
3263 98 2020
1626 91 596
2596 11 1759
577 35 2993
1634 14 431
4508 87 2658
139 44 2456
519 64 3753
2950 72 2273
946 46 4973
2484 50 3345
1976 92 3228
1044 80 2121
1497 78 1740
3280 30 4075
3338 65 242
2015 100 243
3171 59 3000
5068 78 3417
1212 14 1229
1833 33 2113
1622 99 4772
1123 54 4801
3648 107 3122
3052 82 1684
807 27 854
1529 40 5087
4972 97 4136
3104 74 4318
3689 64 2445
3971 82 1815
925 105 1800
1360 73 2866
2551 24 355
2670 41 1557
1876 48 4029
2276 43 3601
4130 29 2463
3887 42 2602
4993 64 2818
3781 21 1990
2643 12 1965
3481 63 1298
349 63 1849
2145 33 1836
1376 84 1031
1566 98 2746
1158 107 5035
4771 58 2091
2802 104 2324
3144 67 2055
3075 79 4255
2715 100 3332
1527 51 1855
1436 32 2553
745 73 3948
1240 90 4103
1213 85 4655
973 60 2202
3099 24 1729
1967 45 341
4586 89 3220
4425 91 5024
202 85 4521
4627 32 679
3232 77 2452
4096 105 2147
2504 97 2432
2676 79 439
264 20 4812
1883 32 1063
1166 23 3004
3283 95 2033
4588 21 5004
4920 103 1504
3008 85 3688
4367 40 1858
4050 27 414
1593 67 1919
1395 105 3148
2686 30 4606
616 27 1862
4535 100 781
634 30 2047
361 88 2220
4770 89 3861
4761 50 2204
1423 15 3020
4038 50 1885
113 17 1965
4805 67 2044
745 75 4688
3651 13 3813
3801 36 4596
247 72 157
3440 108 4984
2438 59 515
4534 75 1395
3166 57 3710
3332 83 1676
4249 92 3111
690 14 1390
2944 100 760
4081 50 4823
1852 18 5059
644 39 4265
4504 15 325
3052 49 1365
5021 18 1503
867 77 254
2418 57 3987
4040 35 1671
577 59 2492
3084 35 2641
2865 29 4053
4674 96 4882
338 28 4590
4651 15 5077
1938 87 4891
4507 104 3973
2472 47 1726
3879 61 2963
362 100 1353
1022 108 2308
443 80 209
2168 108 2326
2719 82 2850
1209 56 2969
4342 79 4668
538 41 1880
1987 94 2304
3719 82 227
543 63 1414
3303 58 4620
2666 78 4024
5020 57 2042
4645 20 1270
4278 87 3068
1329 96 3233
4991 91 691
886 43 3172
3943 55 2020
4782 69 4330
305 95 4982
1266 108 2260
3729 63 2962
4378 79 2561
2034 50 4223
3469 77 1949
4346 22 4254
4255 55 1778
5099 29 3754
2259 48 1228
3789 36 626
1734 61 2411
4011 70 1806
3488 90 4683
1889 28 2477
3739 53 4624
2325 76 538
349 53 2927
2934 38 3906
3486 96 4972
1532 51 4803
4732 49 4444
2845 84 4570
1519 17 4184
2309 89 3871
3956 104 1813
2307 38 2857
2740 93 1736
3086 66 259
3604 69 2174
3494 31 883
2146 89 2431
4215 59 1629
3296 41 4168
4565 64 1389
441 56 1553
3277 55 329
4399 92 492
2243 97 1345
4890 90 2490
4106 68 1374
4066 80 2715
1387 17 4828
1443 72 3854
4245 37 1916
559 72 2662
1088 76 1992
1835 18 3008
2213 57 1283
2339 23 4879
2300 80 4278
2288 83 4834
1795 10 3726
1597 37 1773
3263 65 652
4316 61 1152
3360 104 2568
4996 103 549
3731 45 541
1986 51 3960
3850 85 5026
4933 31 295
4524 107 531
3919 83 1886
670 88 819
2209 55 4512
646 58 2245
4513 106 5036
997 93 3614
3753 98 2256
3608 77 635
4150 105 4678
2465 78 3130
3809 41 2299
3047 73 2106
2703 24 4160
838 51 569
4791 10 4249
304 58 809
4849 67 2103
3909 37 3655
4328 34 4117
3720 27 4821
3043 10 4466
2582 27 2639
1385 17 4099
1316 69 3621
379 96 3107
105 84 2726
1288 26 4944
2850 46 3625
2005 107 3497
4033 60 4826
337 85 4194
2188 108 4199
2315 79 5056
1971 59 2069
1710 62 1438
3110 49 3784
4169 63 2317
501 91 1830
654 18 2232
4285 62 2517
2113 67 1329
1576 18 1257
2820 94 766
2737 11 3721
3613 100 4387
3693 107 2321
158 34 1415
442 72 1594
2039 67 1394
4316 29 3737
4601 73 4293
324 62 1647
1157 30 5004
2960 70 341
1862 64 3107
4842 92 2651
1068 86 4546
3846 107 1905
1615 56 664
2070 91 1707
4988 87 1752
227 73 1187
1917 13 4936
2489 12 4792
610 83 2899
1091 57 455
3308 81 2567
854 109 4555
3363 104 4060
2351 20 1078
1292 90 2321
2848 32 4930
4186 56 446
2318 74 4080
2754 69 3549
5007 14 256
261 44 504
1845 92 4948
414 67 5069
4322 17 4655
3742 71 604
5069 107 3152
3376 78 4245
2773 85 4658
2632 42 2308
3133 69 4609
1949 50 4351
283 97 3625
3438 88 2929
3646 33 4374
4020 107 2245
329 24 3584
555 79 4369
3977 89 578
3294 24 4444
4475 39 2861
2574 95 2596
3116 88 4513
1250 74 4525
4811 38 1518
2188 82 3539
121 37 4180
3564 77 5011
4281 29 3099
2103 24 1878
1194 30 2668
1811 77 1509
3736 108 4629
480 67 704
1721 18 3542
1262 44 1741
1996 36 3105
2364 66 2609
2227 20 2305
1294 59 3550
171 56 1053
330 57 1516
4266 57 2547
714 109 4416
3259 30 2696
1241 104 1897
1799 54 2492
767 79 3472
1418 40 854
1193 102 4490
1278 53 4670
4890 88 568
1374 82 2789
629 86 4935
3320 21 1233
3805 81 3085
1037 40 829
3519 16 2668
342 25 2095
2058 41 4908
3098 43 4721
4284 93 3706
4583 77 4761
3714 55 4553
1270 25 3331
551 47 136
3114 55 1199
3187 93 4369
3618 17 1844
3435 40 608
3711 11 4572
349 48 2596
2746 85 3218
3852 66 4943
2743 97 4891
3949 26 4610
2300 51 4364
1934 14 3720
2853 102 3654
4867 104 3636
134 61 4317
1530 106 1550
1135 67 1348
1012 96 1442
3235 89 5053
2055 53 1517
636 35 1848
3671 52 2837
3270 17 2978
2442 82 4927
4468 28 278
2764 106 4239
1898 83 3012
3356 97 559
2488 61 4990
105 16 1435
2426 39 4354
2951 55 2635
2444 44 1500
4063 79 4156
4086 20 1505
3363 20 291
3693 45 638
1528 87 4058
2180 47 4240
4920 99 2445
2987 94 852
5057 19 2799
4310 77 2048
794 100 4192
856 64 2311
1368 26 2822
1835 108 3096
4300 79 4427
2381 74 1248
342 27 3943
1923 78 2691
3747 34 907
237 93 3718
1186 45 4051
3156 36 4325
3662 78 3962
3613 61 2596
530 47 1670
692 17 631
2999 51 1816
2809 20 490
2427 108 3279
503 88 1988
2947 82 1902
2059 58 3898
3668 69 1850
1619 107 1151
2781 62 3888
4222 69 3436
147 33 4191
2171 21 366
4830 64 1675
2966 26 2335
3424 96 3568
253 40 4983
3100 44 4222
4039 93 1169
3435 83 1347
2632 48 4563
1876 101 1257
4175 101 3554
2111 84 1929
4238 98 1137
2881 10 3502
1057 109 2319
1619 22 1707
3644 51 3681
3562 17 3329
4910 57 1042
1148 30 2881
3949 80 339
2840 93 675
2281 81 3868
4070 84 2214
3391 63 2610
680 73 1177
1688 58 2435
2782 107 1923
2421 68 1876
826 52 3852
2434 11 4115
1069 64 374
4515 91 2528
4010 23 191
1885 42 3538
3756 26 1759
2169 52 348
4708 78 3173
2328 39 2656
4729 29 3663
3349 70 1088
626 89 2711
2864 28 1390
4818 75 1650
2346 42 1887
4710 91 4232
2124 101 2574
801 51 2389
4155 96 657
4294 29 589
2022 87 4669
4033 28 3984
955 83 3899
4884 13 455
252 20 2411
3779 83 4630
2514 12 2490
4049 53 5062
348 93 558
2988 10 3734
232 50 1355
3966 87 632
3631 68 4921
492 63 3994
2492 71 3108
4836 19 3022
1169 86 4078
3343 22 1183
1056 77 2561
3582 41 2405
312 49 551
2830 72 752
604 56 3657
4641 69 2087
331 19 2678
4067 69 4358
2223 12 2973
3122 10 2037
4781 30 710
570 108 4110
2180 50 3791
2084 40 4387
4573 37 3145
3988 44 5057
2217 59 934
3889 52 3664
3013 45 2231
733 81 1289
1630 79 819
3635 72 300
4572 96 1020
4941 10 3290
4621 85 1402
2047 91 1955
4688 77 1939
3253 96 398
4879 91 4542
2960 57 4089
1197 20 197
3513 81 2372
2480 23 618
3969 63 1788
104 33 308
2244 62 4845
391 38 2164
4615 103 2921
1421 45 4454
4598 82 2380
4978 84 677
2358 72 2793
1817 42 2002
1545 73 885
4638 44 3572
1026 48 2338
2442 103 1396
4146 57 2503
1423 104 3221
1259 48 514
4602 33 2896
111 49 4253
662 73 4663
3567 69 1186
4055 54 1304
245 62 2234
2930 17 2258
3880 100 1021
4917 25 4093
1791 37 1284
3314 61 192
3341 105 2201
535 51 2478
2933 73 1826
662 55 3557
316 16 1926
4088 46 2257
443 78 2217
1571 103 3785
2949 50 3712
3298 49 3116
2274 100 4266
489 25 4877
1813 89 3186
4896 80 2525
1571 69 1255
3504 18 4848
3807 39 4305
3667 70 1333
1732 94 4939
1852 89 3671
1596 105 444
682 98 1014
1538 58 1251
1735 76 4510
379 91 4815
3230 86 4501
1723 13 881
4663 87 941
2699 102 2974
3835 73 2256
3969 86 2849
4042 30 3309
1555 106 557
518 51 634
1211 107 4602
2177 66 1274
3083 34 1647
4475 107 3920
4980 76 1283
4666 104 4972
1672 10 4539
4529 88 4299
1321 23 4732
4429 80 4572
1678 47 4355
3039 106 3625
517 105 1777
4334 109 4419
1576 65 4348
3455 69 2187
4626 79 4988
2962 106 717
2073 39 1389
3785 85 2911
2212 85 3979
2855 80 1090
4659 64 4527
3557 105 424
4104 106 1111
1822 71 640
3693 102 934
1435 74 3932
3012 74 3459
685 25 799
495 13 2506
1775 65 4124
3632 37 2936
2770 15 4069
1572 14 2965
2701 101 1977
2382 18 3029
2499 94 4405
1505 89 2877
1988 97 3797
1256 74 3826
2601 67 107
1029 80 3182
3966 11 4485
1306 105 1308
382 39 150
672 68 4970
2710 33 3144
1477 49 1055
1077 96 1878
2509 65 1531
3427 53 4422
320 51 611
3634 10 4720
3489 96 1706
4751 33 2225
1895 23 4752
1571 16 849
2830 100 4551
715 23 2849
901 96 992
891 50 3197
4208 16 1432
3909 21 2123
4081 35 4949
4027 38 4213
1986 32 2913
449 22 3276
2266 51 1071
1917 23 2240
3911 50 4431
1845 85 3736
933 29 3313
250 24 189
3457 27 1550
3392 64 981
2100 97 2339
1021 85 2025
3239 80 1585
102 107 363
2724 102 4242
4343 55 4934
873 57 2418
3274 12 2866
2803 49 1974
3184 27 2966
1310 75 4297
2610 41 4587
951 76 728
3396 28 3887
5088 84 4052
5095 62 2028
2328 51 3629
3439 38 4358
1786 39 3994
863 90 1938
2057 106 2468
2986 58 4123
1339 77 1400
1307 107 2925
2037 98 950
3562 79 4665
4212 50 2631
4412 50 4838
2342 98 2828
4499 34 4076
3785 64 951
709 88 2256
424 89 1448
730 103 4629
589 68 2526
