800
3071 18 2447
2364 68 1474
3070 99 3424
1328 60 4385
2520 74 2016
2057 18 2031
2706 78 3961
1153 105 266
2589 81 1178
4515 100 2790
1541 27 1941
2511 10 4995
3771 100 3245
4193 30 2248
4022 15 3517
474 52 2450
134 62 4530
515 73 4631
4401 35 4385
2317 79 460
200 47 2161
1911 90 1278
695 25 4219
3085 108 1313
2020 73 1737
3486 105 4461
4412 83 2537
3892 22 1180
495 72 2808
272 56 1607
1600 97 1898
4243 51 1201
4883 47 4920
3901 69 835
1721 93 842
1286 67 5029
2709 53 4023
4984 77 3435
3854 84 446
1443 53 2330
2913 97 2208
2579 64 2538
1588 67 949
1005 82 4875
4268 36 4698
3719 16 3885
491 12 3063
3348 82 257
4882 63 656
2259 54 3457
668 98 162
3757 45 3504
3026 35 1827
4461 47 3186
3517 80 2225
3733 91 4712
1072 25 2631
1947 97 3112
3340 57 1976
4094 40 4374
3874 13 4525
3158 97 1366
5011 69 613
585 96 1815
1533 50 1441
2818 60 3026
4596 58 635
4941 84 3382
2061 19 683
1081 31 2201
3489 75 688
1744 23 2727
4262 12 4508
2064 109 812
4893 63 144
1507 97 897
3119 66 1817
1037 32 1759
1010 52 3882
1421 29 1799
416 101 4065
3906 91 5008
4100 75 277
1603 26 2566
4300 21 4012
1714 101 1977
2305 28 2893
806 49 3484
1449 14 897
2181 24 4671
3848 15 4512
3831 27 5005
3466 71 596
3556 29 1777
1510 90 3006
216 67 396
2548 89 4963
5029 75 4619
3018 10 2105
2559 28 1735
2112 105 961
3096 102 1849
2885 94 2466
3375 107 4567
4236 67 1960
5063 101 349
3702 93 3761
1424 28 4817
396 45 263
4852 75 436
298 37 3217
2222 64 2032
263 100 362
1774 16 1705
4110 36 1468
448 95 3845
1410 25 1253
2048 92 4994
4923 55 3595
4270 32 1366
3377 79 3361
1740 51 1410
557 51 1702
1503 107 154
1240 18 4201
5072 28 1659
1501 27 4534
671 73 4737
461 57 4070
4382 10 576
4424 75 3542
4514 26 4064
3723 83 1206
2192 59 1077
4594 18 4955
3916 62 2147
1263 84 4315
552 10 2210
2566 37 1650
1068 22 3602
1517 75 2399
162 61 2139
4250 98 4258
858 25 1241
4708 78 3731
440 98 3778
1863 52 2688
4207 106 4656
3693 19 4085
417 58 4967
4594 54 4251
3077 64 4673
242 92 1779
3131 36 1596
2935 67 3343
1540 31 1407
4479 11 437
5048 67 850
3282 27 2371
1418 43 2554
4901 87 1498
2515 57 4221
1414 38 1802
1795 19 1402
2246 15 977
4565 74 2774
2262 107 4640
1425 63 757
1951 54 775
1958 20 769
3171 86 1839
1354 53 259
3090 88 1069
122 24 4926
3337 99 1939
1848 59 3331
4123 77 159
2427 17 538
4050 31 900
3939 48 2682
2876 76 3955
2457 76 4617
1125 33 4423
3133 82 3378
2478 57 3093
4104 90 1176
3200 28 3941
3782 103 758
2000 100 4353
1055 69 1243
4636 96 105
3100 105 3936
1235 17 4105
5076 44 4185
5029 66 4078
2327 108 4418
848 70 4435
3090 82 1824
3804 82 3210
2560 89 135
250 48 1907
3797 16 1058
3355 87 3092
2610 16 3421
4500 86 1695
3786 17 1371
4733 67 5061
3326 35 1961
3979 50 3863
136 108 4442
4436 74 4089
4455 95 3503
4430 45 4527
3751 15 3703
2750 79 1445
4386 12 3373
3573 51 1216
4918 101 677
3022 108 1442
1243 25 4534
3914 11 2502
3710 93 4664
4874 78 2353
2137 95 4186
3370 106 3745
5065 55 2254
130 83 362
4253 23 4111
4913 75 236
1355 82 114
3500 18 4916
577 99 1545
3022 61 3978
1049 94 3600
3311 60 4779
4529 31 542
1175 19 1513
2605 38 4745
4136 68 1151
3969 103 752
104 64 3242
4941 98 3646
307 77 4512
2351 24 3686
1922 25 4853
137 73 2015
1316 52 4834
430 83 4043
186 11 1553
1246 75 3096
1576 25 1659
458 99 1495
2224 25 1409
1476 96 4837
1552 46 4927
325 29 1366
4003 91 1897
4387 40 4822
2390 35 2973
835 102 862
1323 60 1516
5048 32 722
1980 27 3863
3867 99 3457
2740 88 537
3850 37 4126
4916 93 2224
1817 95 1561
353 14 1486
4586 73 2026
2222 10 3444
4812 57 4377
911 17 934
1713 77 3388
760 97 1632
1887 21 393
1169 36 1129
3245 88 2380
4579 74 3215
3718 38 4827
2715 31 2537
3418 70 525
4800 21 3527
1552 75 1286
1336 96 3050
207 69 3546
4793 61 4329
1113 85 2579
1319 88 2495
2950 89 2849
2296 38 3739
1048 82 1174
3368 17 563
4119 19 4410
3867 34 3434
1349 94 2014
464 27 4451
2640 84 1218
4974 83 4040
195 32 1528
4656 27 1743
2794 33 4860
2442 60 5098
1644 41 2419
500 100 4687
1468 107 1594
206 48 3731
433 66 1308
1519 103 1812
3035 84 313
961 73 4822
429 64 3020
399 44 1944
4344 53 1207
4069 10 1976
4985 33 1751
1671 66 1132
2850 31 4748
4350 33 979
1067 75 1118
1250 57 4859
3348 40 5039
3195 77 467
2635 102 819
3711 104 493
4914 63 1928
4584 72 4803
276 44 2884
517 39 3362
3571 40 4015
4959 17 1952
4075 46 3143
1770 23 4564
102 44 2628
2667 47 3560
3028 70 2355
1115 19 4576
1171 69 1438
3830 46 2118
4402 64 2706
3356 41 3776
4478 46 3972
312 68 1260
4524 40 112
3515 98 3378
710 56 4442
2819 37 3787
3987 32 3886
4418 55 2916
4978 43 2422
1743 47 2372
308 29 916
4916 27 467
2483 104 2069
4793 41 1439
772 19 4964
1698 73 1935
3159 85 3897
4477 75 4915
690 62 3196
1688 56 3744
845 29 577
2266 59 4007
3662 84 2181
2186 91 4469
3814 92 1894
4541 20 4351
3399 101 4194
920 50 2877
4120 100 4321
4376 41 4624
4742 41 1999
4087 41 2053
2891 28 2622
1712 17 2316
2306 70 3317
1385 59 1087
2985 10 3579
697 60 146
1378 67 3702
3388 91 5023
3097 30 730
4982 59 3640
2224 75 3682
3637 97 2533
4543 68 1459
979 25 4114
4810 84 1732
3716 85 3689
168 66 686
853 33 2471
261 82 4254
289 21 3547
2447 60 3693
480 28 179
4505 77 4874
553 89 2351
4184 27 1082
1103 67 4720
2207 45 4137
4760 89 3885
423 34 3154
464 67 1610
3558 41 750
303 60 4385
2062 72 3382
3306 85 4080
3267 104 1240
4121 17 4257
4312 12 4805
4280 55 2311
1365 94 658
2691 28 4003
2185 33 2452
1038 84 1807
4491 55 1151
3517 13 1397
2282 10 1805
3550 17 3177
1634 10 3706
500 15 3265
1301 60 3567
4861 60 3696
524 85 2700
4667 70 3549
4920 84 1597
2114 93 1804
1112 85 122
4677 51 3611
4093 52 4931
4765 29 4523
3492 49 3248
4493 47 3032
129 46 3902
2322 14 3964
3746 99 2415
563 19 5093
2498 18 5008
782 107 2496
2183 13 844
976 80 832
2794 69 118
961 33 4070
4411 20 2907
1030 64 3089
4205 44 4605
4359 42 2232
1452 62 4298
5075 53 4739
4211 57 1888
986 48 297
3142 54 3709
3842 58 2493
178 69 796
1410 61 3997
4848 67 4207
3552 45 5082
4369 97 2670
4666 57 2028
4070 90 3360
194 42 5047
3602 29 4916
505 64 4701
1856 90 2575
4866 109 491
1827 85 1405
2016 11 3495
1823 62 4115
3364 26 614
2821 30 431
4192 21 4406
4774 77 687
5024 105 4683
3326 71 3440
1501 38 1541
4472 11 2301
4183 80 3646
2512 64 1825
1455 54 1510
1098 30 2567
2449 46 1703
321 52 4352
1341 49 2675
4078 92 4907
4225 60 3957
3907 81 3096
2043 13 4060
4856 96 4611
2630 73 2633
1685 32 4747
4686 65 2316
3507 39 4517
4525 30 2835
456 15 2283
984 10 1010
2119 80 2647
1373 40 4507
2993 34 1216
1533 68 4110
3473 109 2532
1782 87 2431
4573 50 3434
4146 102 727
686 74 427
1945 76 2802
1037 29 4438
3163 55 3241
4457 33 1846
3776 17 4296
2181 102 3433
4194 29 1300
2213 50 3840
1514 74 1831
935 42 2651
3444 36 1034
1511 15 1592
2380 54 4797
343 78 2927
2763 57 1030
2062 102 2485
5093 102 407
645 49 3288
863 51 3896
4253 95 1263
1421 41 3470
2690 50 4456
818 63 1909
2309 33 3498
4326 103 3723
485 36 2430
4967 31 1526
4239 103 4815
1710 28 3225
4165 60 1507
3806 91 3321
1846 66 3523
1734 11 5043
2819 23 1593
3707 78 2508
4552 77 4399
1902 87 1377
3004 103 4204
2101 63 2493
2518 36 1729
4050 34 355
3923 38 3579
4861 35 3096
1830 108 380
5063 17 1950
4705 45 202
2856 60 606
3011 21 4880
2276 72 1505
4129 72 2720
2672 58 3945
234 93 1338
3797 79 1989
3355 83 3057
3040 61 1330
199 38 4090
2971 108 1448
4007 64 1411
4223 66 885
3668 50 4955
3803 89 3041
1760 101 3168
2905 50 4734
3552 94 2529
658 106 4387
2059 53 4402
1545 102 4960
1578 18 4046
4542 80 4436
865 44 4307
978 32 691
1178 104 1827
2782 93 4004
4260 72 4621
3073 34 1460
3618 58 933
165 29 150
1084 95 4173
2109 80 4099
4449 27 1355
1087 49 732
4524 34 3627
2053 69 1935
3806 83 5018
4352 14 732
547 30 984
1457 78 3907
372 107 2387
1512 56 2809
2870 64 399
4841 64 4091
1745 75 2505
983 61 4557
4594 13 1660
4231 87 2225
1028 53 4014
4515 106 2143
3814 89 4588
1250 63 4472
1652 49 2555
3990 106 3108
4955 46 3065
3514 70 595
3018 17 3212
3626 85 4802
3095 77 625
3202 24 2344
4251 67 4109
1703 30 2286
3075 17 932
1163 39 1533
324 27 3745
1394 88 1983
2525 55 5054
3360 103 4553
1976 37 3075
2191 38 837
4397 17 3378
4197 104 1720
1228 30 3828
2632 74 4109
2402 16 5048
4447 33 5084
1536 84 2518
4316 38 576
1763 90 2036
926 55 1792
413 32 5019
4188 21 4276
1524 108 3884
667 30 718
3335 16 391
2726 60 2436
3726 34 637
4145 71 3890
1408 15 658
4613 27 3100
1604 44 1710
108 97 103
3009 67 1965
499 85 744
2995 70 156
4394 75 2392
1786 84 4823
4213 95 4441
173 13 3582
750 14 1486
2611 71 2796
795 50 3502
4421 61 3581
3629 93 1703
2549 67 4353
2457 12 1920
1803 98 3544
2660 46 4216
641 27 2175
982 71 2549
3473 24 2993
1191 13 3679
841 34 255
2033 49 2162
579 40 5071
5005 71 1578
3174 20 5032
1918 88 4175
2820 10 3413
2633 75 402
2031 103 2270
2768 40 2637
2768 55 4518
1388 103 3350
670 76 245
4216 88 2056
3495 93 4188
2360 67 1188
2899 78 3387
3625 38 281
2868 76 4780
4192 108 3175
3115 29 803
2122 57 391
2416 42 1073
2904 100 555
4840 21 2480
2590 57 1316
3192 43 4064
1891 36 1129
2049 92 1865
3462 75 4095
4818 70 2954
2422 75 1828
1725 63 865
3491 31 4718
4424 42 2265
566 42 4042
4385 30 4279
4212 62 1936
3565 49 4744
1683 50 2687
4034 56 5026
2761 15 2525
1790 77 4498
2004 25 5011
449 78 1055
3215 19 4952
2854 61 1977
5075 13 2534
2739 20 2282
2730 64 1650
397 70 2913
1321 96 1644
716 10 2041
4954 12 2074
381 97 2241
4380 65 315
366 81 797
4590 106 3136
1857 69 585
4151 25 4264
4496 18 315
1065 72 1426
815 35 2956
4498 37 3523
1096 102 2476
4435 52 1791
2307 81 3565
4807 94 203
4588 12 3879
286 64 4583
2886 88 149
4076 29 3635
4976 103 447
4402 76 4389
2615 74 4801
1561 71 225
4157 14 3754
3018 73 1850
4511 18 4953
1910 73 4225
2072 106 1247
4877 14 4535
2375 11 2830
530 70 878
2712 35 1448
1634 60 770
656 29 1514
921 43 2683
2832 76 936
3576 32 344
3049 76 3190
1974 11 4070
4791 31 1577
3200 13 1972
3851 57 3713
4412 18 753
3807 96 3048
778 50 3316
3863 74 2931
2374 74 121
469 48 1691
431 30 1527
3525 24 1091
525 32 1925
2158 101 399
1563 99 3528
1994 20 1073
1680 37 1836
4265 98 2876
3522 73 2824
405 87 4336
2062 71 3074
2811 23 5025
2976 21 3396
3496 79 2750
2920 104 663
2847 69 4530
4065 69 3540
3252 106 4778
4234 109 2185
4864 12 4881
244 32 4724
1421 76 4098
2980 102 4857
475 55 3494
2951 95 176
2401 101 668
4304 83 3283
4845 62 2957
801 59 3464
1843 74 4036
2674 68 1224
1822 86 631
3442 18 2652
995 70 4977
2855 61 507
4025 13 608
