450
1077 10 3951
1712 26 3516
5033 70 2040
2756 25 4516
3071 31 5071
315 59 3353
940 20 1926
457 88 1257
1073 75 3959
3838 87 3898
1324 28 661
1031 100 2404
4582 73 3886
1879 79 4513
2103 102 646
2817 33 3694
2781 66 2624
1482 64 4646
5050 28 1432
1844 19 1065
4192 78 1590
4798 47 2810
2882 86 2774
4695 68 4425
2310 40 1466
5089 48 2667
376 58 3929
4417 47 136
2206 18 4320
466 87 3438
2698 87 4672
1409 31 1222
1939 36 4242
973 64 4146
3772 42 1533
3446 82 3602
3469 15 2753
202 28 2282
3105 46 4286
1974 48 808
3422 109 4742
288 32 4472
4703 11 2595
1385 92 3445
2562 91 4497
3302 60 2329
1614 109 3623
3636 16 4762
4384 68 3379
4956 64 604
2631 27 3766
1904 20 1929
1876 14 2352
3021 63 4276
3952 11 2214
5027 27 1695
3172 51 3846
2081 41 1224
4533 11 4910
1874 40 4852
3651 70 4670
1680 79 118
746 20 187
3441 42 3138
3456 108 1943
4281 18 4626
900 47 1928
4744 95 5051
1075 51 3034
3742 37 2794
3885 51 1367
5074 61 2492
4977 30 484
934 88 2762
1453 44 2186
3614 51 4330
3062 72 797
343 22 2829
4085 72 4538
369 44 3791
2767 23 3939
2705 104 286
183 12 4239
4662 76 973
2589 37 4319
3747 81 3825
4017 41 1266
1737 61 196
1819 49 1191
4786 69 4265
2044 43 4308
3478 47 843
4590 71 2989
2971 40 2374
2780 62 2178
2010 23 2178
2826 80 3458
4158 96 4203
3751 10 3548
2592 22 1263
2309 97 4363
5082 28 985
4751 84 4845
1954 52 450
3397 98 3955
2309 82 3305
5016 75 1640
2973 90 1356
1275 31 4466
4097 29 303
1679 28 731
2688 54 4931
1710 75 710
1611 50 382
4173 80 1712
3616 23 2120
567 81 1479
4476 22 1147
4675 23 1254
359 44 661
139 30 273
1775 45 3046
4645 73 1054
2395 52 3897
3928 47 1180
1716 43 570
886 55 4636
2830 81 977
3424 52 1506
4863 65 4513
4894 88 4743
4949 11 1967
2953 21 1806
3577 60 2577
2436 68 911
958 22 4743
4300 61 3527
5003 50 2057
1591 99 691
2234 74 3967
3813 60 1604
2642 32 2467
3890 41 834
4506 69 4673
4998 100 2470
4311 35 4946
1240 83 1085
3070 11 2091
731 17 1504
2688 36 4396
2159 77 1768
4105 23 2226
1251 30 694
456 15 1367
730 106 459
2483 89 4850
4982 41 5003
4343 92 599
1503 76 2216
3143 62 4383
4819 78 4843
3076 83 4448
2543 35 5091
3577 65 2207
1197 10 4573
855 38 868
1340 56 2847
3952 76 855
1947 40 166
3893 101 1630
565 92 4403
1558 83 5063
3109 36 4888
1680 98 851
528 71 799
3438 76 3221
3443 74 2600
2009 65 2268
743 67 4950
2184 21 2631
2393 57 3906
122 101 4803
4295 90 2817
3305 80 5053
5092 86 774
123 98 4156
895 45 2111
538 48 2695
3511 38 3407
1680 69 3401
1242 28 2412
3766 100 122
1188 99 333
501 51 2804
3529 32 1885
3718 98 2585
2837 35 3120
542 93 3471
338 49 4774
446 73 1461
967 15 2535
440 93 2812
686 32 3184
1913 39 1379
1380 36 2343
1114 36 3228
3032 95 4294
1890 49 3929
2729 14 957
1502 33 3085
2868 70 226
350 21 1750
1925 22 3916
207 105 4497
1052 35 2213
4066 27 1149
1129 98 3862
2784 73 2859
2776 62 1486
2300 35 2260
4410 16 1484
2579 33 1353
915 103 4436
796 71 1243
2640 95 2606
111 64 4722
283 33 525
2019 103 717
2570 27 3105
420 17 328
2270 80 3875
4385 79 4281
2332 31 2696
4814 102 3207
1980 61 3899
492 73 1577
4709 108 3678
2673 81 3310
1572 81 4796
4736 19 4775
4871 94 3632
2697 51 1459
1165 97 826
894 70 1417
1181 71 220
4577 92 2493
828 52 4183
4379 44 1054
2924 107 1350
1379 65 223
4157 46 2194
4451 86 1197
4932 67 1865
2562 40 2802
1759 42 412
4801 84 3778
5032 43 4221
4807 35 817
1900 49 596
2046 22 598
5018 35 4032
376 19 634
2663 34 3775
4032 16 1410
3051 44 1561
1968 13 131
2828 32 2472
287 55 1461
1536 18 1906
2571 64 1936
3488 48 824
328 99 833
4168 39 1197
563 17 4820
697 58 1274
476 21 1805
2786 51 4342
4333 59 253
1120 10 710
560 33 2819
4409 55 4964
2033 49 4299
2458 20 635
1380 56 680
688 86 406
2669 46 4103
4592 40 312
3409 83 2244
4267 10 3755
2857 38 1977
1894 44 3900
3410 54 4594
4605 37 2046
1246 63 321
2656 29 3140
4269 59 3673
4740 17 2733
110 105 3707
3969 76 2852
2439 73 3096
606 85 2138
1317 63 2690
1514 30 4690
1188 104 2435
2445 56 4423
2150 89 2456
4417 76 2290
1336 108 1986
2342 41 3176
4317 88 718
4909 62 3233
128 65 704
2782 65 1523
1546 44 2881
627 82 3909
4602 59 1346
393 89 2892
1896 49 3139
391 22 4589
3950 103 2969
2819 45 4094
4777 91 1010
4947 18 1953
3858 58 932
4112 48 2371
4287 56 694
4290 54 3414
2142 76 2564
4496 19 5056
2460 63 1520
1966 96 4517
2629 57 3439
3463 98 3637
809 47 479
2762 76 4780
2888 101 4271
3406 28 2552
2991 63 1696
375 97 3757
1352 62 4091
3336 56 713
4749 33 558
3318 100 3900
1436 109 4288
1281 82 185
3845 100 5023
4374 82 5069
3755 54 899
4653 75 1990
2886 72 4297
4037 105 4257
1422 75 2210
4672 78 1453
4331 40 1288
1158 68 782
3645 52 3467
3235 95 4928
3188 67 751
1389 89 245
1439 61 641
4422 20 303
605 43 3777
964 71 2453
3911 16 4223
1263 12 2746
2041 87 2682
3935 70 2006
3611 107 2523
102 52 2251
219 14 476
1316 81 2302
4476 101 5055
3564 15 4634
1762 79 4509
1343 66 3907
477 67 4047
4772 26 2665
1644 30 2731
1530 78 3308
3120 72 4311
5026 34 1687
1745 81 1012
941 48 4894
4764 11 1690
2302 59 154
1726 86 2663
4222 51 2902
415 93 4522
519 52 2194
981 14 4390
1387 36 777
265 65 2097
971 58 1209
3827 97 3033
1211 44 2476
4030 57 3916
4854 19 3478
2554 95 4779
3822 46 1312
1715 83 2759
4041 79 3358
935 61 2049
1489 84 2862
217 105 1207
611 30 3655
3711 96 4538
882 39 2724
3988 55 5071
1377 34 5076
4586 13 1380
4132 84 3673
5029 47 3218
2763 60 1822
1425 69 3365
1861 83 1745
2929 108 3818
3684 61 619
1403 20 3383
3192 57 3452
4610 56 871
220 92 4572
3353 48 1995
1141 19 1845
4848 77 3912
3414 14 4225
2098 72 2842
383 41 3808
912 39 3558
2614 46 2771
2152 68 1450
1969 33 3460
2693 29 1873
1330 104 2381
3446 86 1969
1970 94 661
3878 97 3878
1953 81 1475
4526 26 3584
233 16 1249
4583 101 4213
1096 97 2721
5085 42 1667
2450 99 3394
4557 28 4147
2042 105 3476
3236 63 343
1315 86 2680
3356 24 1011
582 47 2846
1825 21 879
