600
3995 79 1360
3913 24 1654
2064 33 1020
4094 53 3733
1188 18 2599
3236 108 306
3376 26 3681
912 55 3750
2864 15 2967
1324 99 247
535 66 1815
2595 23 2223
268 62 306
192 51 2654
3767 35 5065
1953 39 1086
2681 31 4030
1976 53 3211
2892 40 4748
1386 62 2114
572 106 734
876 92 3886
3128 14 4605
2686 63 1758
517 15 1430
5031 18 1704
600 106 1534
4536 33 3776
1559 14 2382
2686 42 3300
3106 88 1576
4726 22 4405
2586 14 3528
2343 65 660
628 38 3136
673 65 3487
1762 56 4141
2340 37 3797
4891 88 1597
303 23 1980
1132 64 3964
2078 39 2295
189 98 2540
185 66 1838
3945 23 4671
205 92 3966
232 82 3583
1533 42 3126
4062 92 2264
2369 36 3124
4557 67 3824
2112 42 4936
2515 67 3009
1846 21 4300
4476 96 1005
4531 25 1053
4662 19 5029
971 109 1090
4801 75 4763
1507 42 2940
400 51 1600
3707 108 2021
3413 73 4111
3030 39 1407
2111 46 2152
2371 39 5029
3587 76 2787
1466 79 983
609 15 185
4718 27 2575
668 76 4659
1005 12 3433
2753 20 4662
1048 30 189
1594 41 2955
4714 27 4374
3935 42 1564
2107 21 3866
787 48 1198
2722 76 2057
1157 108 1616
3666 34 601
1302 11 4358
1146 14 3251
966 33 3042
4380 36 3826
402 76 3107
4523 109 1050
4876 71 3462
4693 81 3291
2966 73 4876
2365 83 5063
3696 46 2779
4920 21 4244
3189 17 4932
5031 65 1733
2020 57 1305
2227 98 1732
829 18 3715
3561 38 4587
1843 103 1617
4460 17 4214
2234 73 1904
4761 95 1668
2361 70 4546
720 55 624
2944 32 2106
819 103 549
4299 66 858
2034 23 411
1292 73 4600
2384 62 3781
2050 15 3396
1644 63 1703
1646 23 4637
2102 45 4607
2197 49 2261
2342 90 1811
149 22 4271
1219 67 1599
2908 16 370
3936 39 4203
4698 19 4667
3476 47 1261
2722 108 243
1922 35 4297
3470 20 2444
4690 17 1934
452 100 3778
2438 26 654
4130 55 2499
3242 82 3196
1145 40 1158
676 95 1552
3070 54 1521
1020 43 435
281 16 3759
4015 101 3568
3318 92 1964
4640 61 2790
3103 22 116
4796 35 1971
1953 19 2332
4233 82 4511
1494 95 109
107 55 2204
2097 16 4715
805 102 813
260 44 3180
923 21 370
1574 78 4589
155 41 1443
1125 38 1751
3159 105 4472
4679 32 1771
3126 51 3896
3741 89 2713
3063 100 3111
127 15 2263
2074 17 1026
5044 90 1965
403 12 4050
2260 67 4128
2880 57 122
4493 74 4202
3874 71 5029
2354 67 1916
3873 28 5094
425 61 4722
3349 61 2501
3865 51 681
3497 64 4763
3482 79 284
1561 75 3563
1370 90 3506
2578 29 1903
349 22 3111
4447 34 1556
4534 21 945
2444 10 1875
941 97 2043
4240 77 3577
3942 90 4611
1576 71 4983
3823 101 469
1362 44 4708
3044 62 3784
167 95 1547
2524 65 1900
4695 27 3945
3230 11 4819
4916 84 1536
1008 85 463
1183 93 1026
5062 18 635
1169 54 3414
2650 18 4805
1199 100 2156
2022 49 4932
1100 39 1516
3631 60 1247
180 95 5031
4878 57 903
4663 80 663
3199 27 4927
2566 70 1080
736 33 1615
4697 85 4411
3900 19 4827
5083 35 769
1222 31 257
2128 40 359
436 26 311
1414 15 3033
599 67 4866
4280 53 2485
4477 102 975
4788 25 5025
677 51 508
4382 29 2773
549 71 184
130 42 1252
1609 55 1645
3132 16 240
4463 75 2157
3927 41 3174
4031 13 4641
2964 47 4467
1972 102 4516
1104 29 640
4669 21 1447
385 109 1300
2996 41 3550
3430 97 4297
4890 68 3167
4922 91 117
667 36 4733
133 90 471
4192 17 212
4302 36 4908
973 64 4649
4424 34 403
2035 25 2049
4990 68 4981
1706 46 3613
3472 18 3479
1217 97 2910
4664 95 1847
3281 33 1584
4962 48 1695
1453 32 2761
3560 59 2743
4779 69 2160
984 31 3113
2716 24 3532
2402 72 314
3075 100 4215
3260 50 2232
1178 90 2903
1706 33 1274
4339 14 4266
3528 58 2713
1337 65 3805
4982 38 1534
4835 41 3278
382 21 988
237 40 1240
2402 94 640
729 22 574
3573 87 3114
4679 19 3680
1026 15 2713
1716 45 1344
3502 48 4366
4909 76 1246
4737 102 4442
1451 39 140
900 29 2801
794 82 4432
3988 73 2912
3461 67 4536
680 86 2737
1873 41 3886
2525 104 1687
1684 48 4827
673 17 3392
4320 73 4389
592 99 4132
1278 55 4823
1381 25 3583
2050 67 4178
3345 53 3718
4724 62 3746
4655 75 3828
978 76 4751
2230 100 4090
1710 11 3039
1920 64 2722
2682 57 4011
106 46 2568
1715 16 777
1189 44 4537
2967 35 4052
3305 87 318
1881 101 3896
2404 28 251
2201 14 4297
275 75 3521
1664 22 799
4035 22 1854
1184 28 1281
2660 105 4350
442 87 4915
2462 92 2997
3165 19 4597
4112 20 1862
530 87 4840
4920 16 3177
2471 45 1107
485 44 2749
4168 78 652
3840 93 2904
3237 18 1858
4618 30 5031
3885 96 4607
4458 96 2957
2436 65 3768
811 58 310
683 13 633
2888 108 3419
1137 89 3998
4651 103 4618
4978 16 400
787 68 4222
3087 13 2263
4117 23 4098
4924 40 1123
2639 70 3195
5000 77 4154
1941 100 2875
4782 19 430
4669 24 2712
2602 62 2956
1148 65 1385
4208 36 3974
1300 58 1456
3166 67 2251
4436 107 2213
1716 48 1939
794 47 3396
2420 94 3160
2420 38 4229
151 84 2733
827 72 2088
2678 64 3062
1486 100 474
1106 53 4462
1908 19 5033
2550 87 1020
4694 37 2065
1585 66 1320
1842 46 440
1953 11 1593
3581 101 3446
3804 109 2275
290 56 993
1112 95 1106
1906 13 2854
2181 83 1710
2611 107 1950
3983 50 4163
4436 17 2187
4433 51 1178
2455 90 3741
2189 86 2708
3221 61 3345
488 88 1772
2727 51 3409
2396 101 4496
4289 103 3300
4190 59 4994
2895 12 630
120 94 1857
1667 102 3413
4484 69 2609
490 105 1013
2113 23 2882
3431 73 2874
1529 61 3675
1367 77 3897
2905 71 775
3516 12 1195
1387 27 2691
2686 51 3027
4741 95 4546
2244 84 3432
4682 43 2712
4089 83 942
3590 25 681
1369 22 2390
1092 45 2193
2368 28 2311
429 89 601
2941 19 4401
3745 22 4597
320 34 4120
4675 19 2180
1709 105 1853
2253 104 2800
339 94 2234
4797 97 4258
248 61 2829
862 15 3477
4746 46 2289
4878 66 1948
448 62 3764
3743 96 2914
2203 45 2511
4548 88 3202
1559 53 2649
4166 37 560
2898 24 1318
3677 53 3731
1415 47 1685
1939 78 3219
4632 97 3970
610 39 316
3334 19 1355
2066 54 3899
4542 93 2744
1309 24 1019
551 24 2249
209 94 4123
302 100 756
3700 13 4969
2658 19 4462
498 100 1866
2586 42 1433
4453 74 740
2701 34 3571
1165 91 1904
2532 96 2287
2228 11 3984
1053 108 2958
2482 107 1404
4628 54 2921
2719 107 463
4620 25 3022
287 36 1321
1713 104 1505
1442 19 5040
4421 81 2311
4790 99 1163
966 23 4095
1224 80 1357
864 45 3549
4655 25 4507
4544 49 869
2120 89 4944
1297 96 5051
4743 85 382
3139 57 1287
1962 56 892
4952 32 2378
5068 28 248
2246 21 2337
4656 96 176
3666 22 4435
4967 89 4439
4888 55 2132
4830 84 3912
4664 84 4124
2262 44 1240
3701 73 4614
633 18 3648
729 23 4999
1108 15 2631
4611 13 3974
2774 77 555
2921 61 1947
421 71 321
2237 11 4639
1328 26 5004
823 59 3468
1675 25 4411
3528 73 2340
183 69 522
762 16 1220
2381 104 1157
2880 18 2123
1753 100 1987
815 79 3308
852 30 821
859 34 2797
2911 43 3105
2391 29 4814
4049 13 886
4327 102 3671
700 15 1954
192 24 3707
2961 77 1634
5061 103 2894
2716 29 2088
1540 57 3864
536 13 2167
183 72 4577
667 95 5055
3891 52 3885
3706 47 3515
3746 64 3068
4980 17 213
4865 73 1125
4652 60 4188
4858 65 4779
2018 42 514
3107 92 854
3882 63 331
1460 51 1726
5096 49 4484
3158 75 2957
3971 65 3432
3668 10 1405
3200 44 470
2114 87 3007
4458 89 2716
459 32 2389
3942 56 900
1357 59 653
443 79 4588
3121 37 2440
2912 17 4926
3051 32 1354
2204 85 3118
1127 15 1077
571 39 3565
4135 94 214
3750 93 176
4883 77 1028
4970 102 904
1311 76 1233
4808 56 3524
1849 60 1931
2196 63 1520
121 69 4130
3578 26 3248
433 80 2613
3502 54 1676
3530 26 3507
2253 15 3379
4272 26 2041
3410 12 1741
2935 79 872
2788 29 4923
5023 76 1772
4081 84 5053
2702 107 1810
586 99 2991
3971 35 1419
392 81 3031
4330 49 4848
4822 106 3410
2102 79 3840
1629 69 4632
4835 87 176
394 78 2316
2127 52 539
427 80 3198
3284 57 678
505 25 811
132 84 659
675 42 1121
2031 83 519
4087 47 1531
1744 15 2064
4263 93 4361
2754 32 544
3522 62 3517
2792 43 4073
360 104 2350
405 83 2498
1189 15 3814
1150 42 4581
4015 69 209
2099 78 323
1390 55 833
4669 63 4598
704 14 3873
2910 55 481
1592 67 237
4834 99 4670
2966 106 2559
2889 96 1102
3858 109 307
4744 97 4590
3987 44 2381
3127 52 509
4462 65 3115
113 39 2430
2223 87 4819
1319 36 1941
