900
1631 93 1737
3162 101 2702
2768 82 4950
3091 77 4513
3660 63 3947
4574 94 5025
1232 108 2870
2557 63 1522
2645 18 2203
1123 52 3838
2443 77 4855
3974 81 2391
3872 87 3290
1176 109 4940
1257 83 4851
141 42 3042
3773 28 1000
3329 106 993
1415 38 3561
333 87 1153
4601 45 3908
3736 33 3544
1111 58 1205
2525 55 3375
3773 104 730
3157 99 2086
926 30 2211
2368 77 4581
4512 41 1352
3721 84 4737
950 28 2477
4844 27 1541
4663 85 3955
3663 95 881
2676 31 470
1245 56 298
3324 94 3489
1870 16 3336
3837 100 2702
4178 55 3224
328 58 2270
4104 63 3270
2964 67 477
4363 43 1531
2821 55 347
4811 16 882
4158 83 5090
2885 64 4186
4639 71 3959
1309 30 3425
500 27 4501
1330 64 4575
2219 32 1582
3774 96 180
621 25 736
2775 25 580
3551 46 4498
2903 82 3043
4077 66 3652
2372 50 3103
3518 77 3289
3386 21 1024
937 34 2496
1378 40 3452
1406 49 1278
5097 14 2516
3234 57 281
2782 91 769
1992 45 3185
1147 45 3011
4129 42 626
1437 23 3865
827 48 527
3399 12 3379
2413 84 4085
1804 59 1521
2547 61 519
1097 56 4479
1059 105 4207
2379 28 1312
3068 82 211
3770 107 3360
168 88 4117
1710 97 3703
3116 37 2360
3348 97 1911
2375 63 2860
4199 22 5008
2019 28 973
4727 33 806
4516 59 376
2547 47 1031
1735 106 258
2055 34 4858
3617 50 4533
2401 22 5074
3823 30 2598
3749 88 1967
1587 41 2268
2763 68 400
3382 67 1642
1521 66 1539
2012 66 393
3975 18 4455
1043 104 173
3739 94 4008
2154 38 2943
2521 92 2605
227 44 4445
1390 55 3249
1970 58 2110
5083 29 2435
2315 108 284
3072 13 4990
4586 76 4337
537 28 1464
2760 92 1468
4233 109 662
4696 100 4687
448 85 171
792 36 4946
4514 24 2848
196 44 4059
769 104 2823
4280 93 668
2358 52 2863
1030 25 4431
1297 73 4003
4285 67 2485
4183 48 1922
2817 13 2932
688 84 1505
2442 78 4913
1016 62 335
4721 95 1688
2354 49 3125
523 90 4368
478 87 345
3665 84 4807
5025 40 1323
3571 100 4641
416 71 5062
2805 21 3391
2416 25 4510
4641 42 703
3102 105 4271
2948 24 679
615 15 3985
3860 34 1990
107 39 650
2826 26 4120
1368 18 3798
966 109 597
664 96 4148
1458 67 5087
3150 15 323
4137 63 5077
2268 37 4919
2432 58 560
160 85 1173
3263 73 4632
122 107 1431
328 13 1627
563 82 571
4811 91 3798
3197 58 4769
1343 39 1743
4459 97 3875
1242 98 783
3825 37 3639
1915 83 1924
1620 103 2114
1013 72 3434
329 83 2534
2708 44 2615
1420 72 1047
111 49 3046
4813 109 2196
2840 34 1463
811 74 379
1977 78 2838
4634 97 714
1862 27 5060
2294 94 2534
1600 27 3685
1603 109 2096
652 34 1187
4061 52 2745
2380 39 4176
2514 87 2461
4497 15 2857
433 104 1167
3216 71 4678
4341 71 3202
220 21 4812
730 28 3492
4378 75 4339
4960 98 2678
1710 74 1712
972 25 456
4954 86 3385
928 92 2497
4841 13 2919
304 71 2228
674 81 4862
789 68 1357
4951 40 3618
1607 19 4753
4158 41 3813
2466 58 2292
3223 83 579
4247 60 2088
4605 68 568
1304 70 931
3061 77 3401
3823 21 2968
2199 10 2736
2134 18 3315
591 47 3573
186 48 934
5076 63 1402
2631 47 3762
1742 86 2140
2603 15 4137
4460 25 4784
826 20 1333
1982 22 3119
1153 48 657
2464 13 3517
2128 53 4527
4506 52 754
1175 73 816
5053 22 2080
182 66 2808
210 40 4186
4848 57 1488
3884 82 144
4671 70 2526
2166 92 4922
2250 57 1296
4696 29 440
429 105 1618
4492 98 1299
3136 66 2803
3835 60 3957
3187 82 1073
933 88 2168
4385 74 2884
3050 48 1493
2422 44 2415
599 77 1887
2123 34 2652
4799 60 4848
1082 95 2133
1390 54 2046
2645 17 3036
4630 32 136
3331 15 711
1292 49 1812
641 102 1555
3120 14 1448
468 55 4965
975 74 2581
4203 59 498
2606 21 4259
1456 23 4545
1125 30 4238
1290 46 3602
3582 96 2396
3021 69 1996
1481 66 4666
1414 25 4325
2545 27 3998
2389 64 3925
1059 73 3173
3380 26 4539
1234 75 4370
4638 91 1936
483 100 4648
4152 37 1775
3246 99 1557
3605 46 1928
2997 72 3940
4680 93 776
2601 92 3380
4238 83 3499
4333 97 1772
2990 23 3726
3123 25 2984
823 25 4576
881 96 126
827 65 3409
2986 109 3046
118 60 3809
1236 59 4624
832 88 3087
547 85 3797
4384 94 483
2934 42 2273
3008 43 4491
686 46 5023
392 46 3689
4547 94 1345
1147 90 676
4095 83 2239
3354 104 1462
3179 64 3462
2272 101 1372
1042 25 3695
3434 21 1008
4043 28 4520
774 54 200
2132 18 2110
104 22 3159
4939 83 987
997 98 2339
716 59 2700
1220 59 290
2518 61 339
3833 99 2017
2691 101 3017
446 53 4382
1246 66 3195
1251 88 1394
4283 14 295
4170 109 180
2572 38 1624
4453 93 1487
2434 53 3193
2849 89 886
2505 42 3805
2081 12 2131
3603 74 3022
3677 87 1073
4541 108 3471
5001 77 3409
3423 56 1158
2521 95 3759
3762 50 1065
2318 26 323
4019 109 4641
307 55 469
4698 58 2395
4341 76 2810
2396 100 1045
4681 70 3213
3408 10 3769
1585 35 5032
3855 16 3826
3224 65 3669
879 14 2532
1362 74 3877
1018 82 2733
4996 42 1842
4253 25 4298
4456 86 1097
504 33 4355
1112 32 3144
2865 35 1155
3559 64 4176
4193 101 2345
3294 79 2342
3840 89 341
2077 101 2196
3720 45 2828
2586 36 1997
204 90 520
1284 72 2771
659 34 4118
3478 11 3536
2928 32 3064
281 24 236
3497 62 3902
4821 45 4634
1694 107 1339
936 21 2454
3024 44 4134
3201 17 786
290 35 2317
2421 39 2536
4272 17 501
3596 108 4090
2459 95 677
724 43 2433
732 22 978
1196 53 160
3267 41 4404
485 89 3948
1380 47 1408
4021 104 5068
654 76 3320
1115 12 3153
4105 96 247
3657 80 1892
2215 59 4037
3674 77 2401
1456 25 4673
2891 46 4633
2017 32 438
281 37 3135
2365 83 425
656 100 1988
1130 60 3676
418 98 693
2502 64 3414
4110 40 901
3125 72 2562
1831 48 3410
2478 62 1020
2388 21 2200
3486 57 3000
1404 68 317
2638 77 1907
3078 65 245
3239 93 4405
1103 70 1656
5001 23 1299
2225 62 2835
3673 92 339
1422 87 254
1065 33 1875
979 80 896
2915 89 3784
1258 57 1011
2339 82 1701
2934 12 4129
390 89 225
4459 82 5021
3755 78 2672
3134 103 3655
2876 91 4979
2436 38 2785
4734 14 2112
353 34 2111
5057 81 2974
4376 34 1053
3742 32 3943
2494 59 4417
2974 71 3856
3900 87 4438
651 83 3752
2053 64 1632
2559 70 1397
2711 63 4580
2866 87 1331
452 13 3454
2159 74 4447
4362 73 3428
2085 66 2475
1286 72 4772
1344 15 5014
586 75 479
1961 30 2262
1979 64 2566
982 100 2146
4821 80 666
972 27 2942
2150 88 2879
4221 54 1694
2048 18 2623
4090 56 876
4640 26 3508
3089 96 2893
4845 82 4500
1038 20 1450
528 10 1540
2686 79 2366
2183 101 2399
2647 43 1107
4428 77 4553
924 21 222
1568 90 1813
1845 41 1299
2025 10 345
1302 40 2202
4631 64 4485
5021 64 2776
2692 22 373
4924 75 1414
2003 37 389
2210 39 3958
1555 29 4500
2791 10 2242
562 102 4083
485 78 406
1055 39 2421
4350 78 3983
1089 15 2199
2643 32 3820
3689 74 4103
260 61 4851
249 106 3940
1485 34 1375
1156 40 4484
5079 85 5044
448 82 4765
4172 28 2450
4001 105 4741
4819 96 1286
2527 47 405
2772 55 1433
2012 18 2634
795 106 2753
2562 21 744
1668 65 3282
4485 41 3837
1679 65 1282
2141 29 2646
3587 93 1342
3387 17 2831
2695 81 4370
1013 68 286
1888 24 3114
2336 15 3080
1358 89 4520
4349 87 3666
2345 103 3354
1278 87 5014
1698 51 3370
2707 51 3373
3324 74 259
4467 24 3768
4353 82 1877
4003 60 1807
987 81 2519
3152 33 2552
2023 18 2509
3937 103 1695
3927 83 4245
850 24 4939
287 73 2333
5097 33 1383
2839 22 4917
2616 104 3000
4743 19 4145
2141 64 2761
2778 107 1305
1883 75 5067
4024 96 4826
4495 87 4060
4945 35 3812
3661 34 2583
2161 95 3531
1503 37 2108
2349 63 4614
4630 41 2413
3883 76 4856
1917 61 2554
1616 97 4780
2890 40 4971
3332 74 330
2816 80 5083
3210 57 2713
1874 59 557
3623 53 2824
5024 68 3183
2270 63 2607
3236 35 4194
3180 105 3375
3254 55 830
2473 43 2179
3332 33 5077
644 83 457
4090 87 4921
620 102 3177
1543 70 3346
1728 84 4572
4102 103 4503
4590 27 1053
1697 60 3328
1027 48 1966
1228 18 4912
4991 57 3175
2107 92 1408
2051 100 1088
4287 52 442
1942 33 1718
1941 67 2147
3444 39 2333
3030 33 4328
727 64 1429
2477 83 2633
2686 79 2899
1886 82 2825
147 99 2169
2009 62 3930
4134 67 4230
1403 76 2546
414 25 4773
475 33 2017
2728 80 1694
4080 29 980
1980 73 901
368 22 307
615 27 1683
3167 23 1652
1277 108 1386
1968 39 149
794 38 2761
4513 84 478
2920 86 2305
4386 63 4698
4049 34 1660
2213 32 1205
576 45 2231
1286 60 1560
1295 89 372
660 14 2784
2080 65 376
513 83 3761
1018 81 278
597 62 3370
1568 62 2968
2254 38 4687
4220 51 4627
2795 59 2075
4649 73 2988
2681 73 170
1846 56 3760
1479 61 4150
3586 50 4474
526 96 911
251 50 4507
967 102 3288
3412 72 931
4779 77 3944
3052 55 833
732 41 307
912 66 1399
4149 107 599
4416 94 3881
3870 22 3906
3569 62 2516
2040 32 3612
540 23 2712
713 68 2738
1641 51 3985
1757 105 481
2871 103 2277
460 44 2781
3560 67 2033
2089 74 3959
3507 83 1356
1862 11 420
3407 70 4170
1272 65 1478
4505 35 660
4854 68 1711
1591 47 4758
3880 20 2438
2935 93 2738
1200 29 1793
3004 77 4234
1910 22 1423
821 49 4042
4135 33 4384
4009 105 2836
127 105 643
4668 75 3872
2432 29 1983
829 82 1125
3974 48 1774
104 60 2058
2120 49 2391
516 82 3594
4844 45 3461
3687 91 1352
3292 62 1470
3381 53 2816
2062 75 3824
1681 32 2213
1735 93 2649
1931 59 3896
4160 99 4780
4952 28 2009
2699 77 2521
2254 64 1613
2589 99 984
788 98 4953
3091 17 3086
2100 58 3883
394 35 3873
721 91 2261
2190 28 4572
1121 65 2360
4109 42 4776
3503 108 2921
1584 16 3516
4290 42 2870
4678 27 3367
1612 80 201
1641 27 1021
3390 76 4401
152 36 109
2405 17 2781
1851 54 3461
670 39 135
2592 89 744
325 38 4702
782 67 2824
155 54 3248
2205 109 1467
2254 35 667
4254 74 5076
1141 33 4436
3226 66 4090
4792 79 2431
2832 11 4471
1418 52 1826
3028 49 4080
4025 49 2133
4828 38 2533
4609 44 3135
4522 16 2317
1154 90 1954
1427 60 888
2760 87 776
2473 105 3910
4298 87 501
4166 97 3628
416 58 4693
4039 101 4823
3495 98 4122
3728 82 4831
709 37 1284
2317 27 5015
2421 107 3361
4060 103 3060
562 81 1641
1633 41 1070
3407 71 3255
4058 17 4800
3281 13 4923
740 81 1732
3146 103 532
3224 87 1116
525 60 1339
4902 76 3066
3867 46 1608
4148 30 224
199 44 1176
2662 89 715
160 75 3719
1717 90 4258
746 83 2660
4253 52 4721
1143 82 189
4876 87 2920
2440 88 4009
777 45 2823
1239 45 4870
510 25 408
3845 81 1690
1687 29 3681
2103 60 5091
3129 57 3396
1654 20 4456
1412 68 3511
2727 85 375
889 42 4194
2508 107 2072
4956 87 1111
3817 18 282
362 92 3619
4137 95 754
309 18 4387
2521 49 1614
1684 108 2626
835 79 1358
261 52 4846
2495 60 2855
4406 107 3286
4975 63 2964
3939 72 1921
2003 72 1071
4196 25 3242
417 93 2618
4491 48 263
3279 58 3592
2260 36 1427
1725 24 3249
3846 10 4377
2221 54 3576
1071 54 1427
2686 74 2730
205 56 2853
928 54 3402
2740 48 687
2774 76 3102
4456 41 4068
4581 81 4791
4828 82 4471
474 89 3937
201 67 1886
1486 55 2740
1942 53 3848
3433 81 1207
1376 98 1344
4384 41 3069
4057 21 3408
4429 44 2108
3039 14 4260
1559 10 2509
3166 30 540
472 65 1041
4067 55 2529
3884 36 524
1244 74 2926
3933 52 741
4570 100 1057
1850 29 3883
2044 71 518
2701 20 4494
3674 48 275
1999 103 1884
3577 92 1612
3257 100 4856
3300 55 1962
1035 105 3923
3450 62 156
1704 39 2469
2068 103 2206
3108 55 1140
4007 40 3562
2904 32 4425
3905 71 1524
2765 51 878
2708 40 1006
3746 29 2712
4600 78 692
4356 43 2333
2850 94 626
4513 58 5052
294 45 1383
1876 59 4762
3163 24 4882
4117 92 5035
3756 96 2599
3866 28 2962
2677 97 3005
2510 69 417
3417 57 1504
3192 85 2565
2131 22 4055
546 36 855
4712 74 3393
4802 16 656
2076 45 3063
4142 73 4789
4639 91 4634
3852 85 2631
2167 88 4582
3647 75 1994
1456 18 454
3408 49 939
4623 106 4919
1632 92 4978
1463 84 3937
2320 70 4521
4924 107 2805
804 73 1964
2620 45 4675
1290 37 1810
1001 89 4003
614 29 572
314 92 2111
2840 41 3467
264 90 205
4204 88 4896
4531 102 2744
3631 69 3922
794 38 214
3923 92 1099
4335 90 1812
3620 37 629
1482 34 1819
4886 108 4672
4190 54 270
162 55 2442
4288 65 1344
340 30 4708
4434 73 2999
4166 83 1872
610 83 1015
326 41 2920
3648 98 3210
2766 74 3656
2046 43 1492
2404 102 1995
3558 26 328
2473 64 593
2199 74 1126
2659 27 3930
1660 104 2426
4088 72 3106
1126 18 2619
4077 61 4488
1565 40 3921
958 44 5055
321 97 4273
