350
3181 97 1947
4159 91 1418
4525 50 556
3400 104 3611
3262 99 4828
3374 21 1545
3337 16 595
566 38 1358
3147 57 3387
2988 100 3115
641 18 2487
1931 39 456
1837 41 1585
126 23 3190
294 73 2533
4247 88 4424
1259 63 2057
3821 99 2299
3100 15 2988
4638 13 4455
2551 20 2705
256 76 4928
661 12 4883
846 73 4476
4102 28 547
194 87 2563
3096 30 3723
1053 47 3233
4341 69 3133
3743 101 2102
3978 46 2646
4207 50 1603
652 53 2305
1698 35 1451
1615 67 3787
3110 20 385
3690 42 3198
3653 101 3682
484 107 4367
1237 81 994
2826 12 4081
2179 76 1370
593 96 4919
4081 62 2275
4985 20 1487
3849 38 2918
4484 13 1324
4647 22 1632
3716 49 640
886 61 3176
3740 61 3944
464 15 4283
4901 100 1702
2358 77 3331
2678 64 2922
1323 52 4308
2843 78 1266
3810 45 540
5004 72 4757
4515 81 3139
3530 23 4800
1459 30 883
970 94 3347
3110 75 4262
1929 30 2148
1856 105 3766
1300 66 1729
1192 41 2677
2986 30 499
1262 57 392
1988 21 4203
4988 28 3856
2119 17 1257
3752 85 2281
1953 105 517
1493 80 4096
4486 42 2620
360 32 2129
1761 70 2520
1179 64 1564
2160 61 1281
1857 26 700
2139 47 1633
661 14 1785
1609 25 1819
114 50 3762
840 10 4384
3273 45 1543
521 100 674
2969 80 1436
3438 82 1644
2495 84 1337
3624 103 1706
4748 62 2520
3722 81 1217
3251 75 3782
3579 102 229
4331 31 955
4611 53 1153
266 69 4967
3508 18 628
3753 84 3384
2475 84 206
1637 96 4567
1214 68 359
3646 33 1824
2687 67 3474
1139 41 3246
5083 38 616
5026 87 2512
136 61 4205
2862 99 4798
2987 40 2509
1228 69 1961
3702 28 3445
2971 63 3340
2220 91 4505
2376 19 1566
656 105 680
4934 87 4367
1578 85 5093
3480 18 2731
3365 68 2984
542 33 3262
4773 82 4353
4258 37 596
148 23 4831
2674 16 3840
3631 42 2777
502 64 3583
4430 96 4287
1562 14 3521
3293 108 4056
1865 32 145
1594 16 4099
4124 30 2144
2859 17 2224
3457 63 2874
3575 50 3189
914 55 3439
1681 41 2151
2085 39 4303
1795 102 3472
375 87 1362
1073 27 4859
2907 90 2305
1506 84 3644
1823 104 4022
3133 84 3710
130 105 5014
2623 60 1009
4377 55 771
2308 108 2834
3979 64 4821
2687 36 110
4021 77 4401
3949 98 4020
3474 11 3240
4073 106 4566
175 20 1972
3013 24 5059
425 56 5021
1344 73 1536
1587 98 3323
2025 36 4319
4300 24 3830
3276 10 3151
4534 29 766
1013 55 641
742 49 2794
2321 84 801
4850 95 2188
964 70 1316
4819 92 1416
1913 26 3422
1401 65 4377
4063 27 858
2332 89 3975
3433 50 2727
4634 62 4028
2137 57 5069
812 56 1109
204 66 1414
3689 33 2542
2864 49 1830
719 63 3460
994 95 821
1313 11 2428
1857 94 1362
4383 31 1450
1415 50 4592
442 101 1998
3501 17 3012
4795 26 1552
2383 65 4869
4840 104 3198
1690 27 3982
3514 80 2282
3368 86 1626
4296 35 868
2862 53 2351
4221 23 3809
2193 80 4037
1186 51 4590
3898 95 4501
4158 28 492
2835 25 4781
1948 66 717
174 109 673
1151 71 3560
1192 34 4314
1218 73 4235
2848 60 3140
752 100 4766
899 70 3894
2610 61 766
3701 32 1160
3934 23 262
1998 27 193
1940 63 1318
2701 16 2288
3671 87 342
917 17 3384
2250 17 2322
3045 45 2348
2730 14 662
4852 85 3214
3307 63 3801
2273 11 4295
3550 55 4327
399 48 3499
4715 85 1043
440 70 3639
693 61 1412
1878 91 1206
3279 25 2285
611 58 3414
193 46 2055
3460 46 4006
2583 38 2301
3712 89 2663
3243 97 1632
1623 33 2925
1290 87 4901
1601 57 2908
2507 69 2514
1196 62 1464
1688 47 1900
1292 48 2495
297 54 3178
1708 37 1163
3554 62 2111
3501 48 2372
188 90 3841
771 51 3414
3627 46 4438
3884 54 3337
1098 33 494
5095 72 2735
2179 17 1528
1182 105 956
1978 99 172
4241 25 1702
664 30 4389
603 14 4400
160 89 3987
1915 95 2298
2463 35 1553
2351 90 3432
5062 42 1558
3564 48 4349
3888 19 3516
2456 97 4072
4308 54 4733
2446 53 1701
373 54 505
2900 16 2255
2763 88 4291
1661 50 1412
4378 54 1636
1412 93 1511
3835 81 3899
3258 14 2901
4683 26 3881
396 66 1189
3916 27 2674
2877 13 766
4761 94 5023
3529 21 3283
4004 60 1862
2091 57 4610
3437 74 1773
557 13 2281
3738 27 2564
3776 76 3235
505 95 4205
1579 51 863
304 29 5047
1983 46 2310
303 40 747
2007 82 3904
3598 101 525
2437 82 1243
4729 14 4914
389 28 2992
2358 60 1180
2078 27 425
313 79 2235
2010 62 3271
372 19 3076
5087 98 2246
3218 43 1118
1083 76 1393
1374 31 173
1948 56 3104
454 73 2860
4591 69 4432
3197 109 2219
2899 35 2883
1678 40 2157
5017 12 2022
2331 82 3328
3982 15 3218
1785 103 2448
3325 26 4971
1115 86 1581
2794 51 609
4864 68 3942
690 47 3921
4544 21 313
1324 21 4633
2742 92 1318
1726 80 670
2162 95 3529
1063 32 4651
557 74 182
2552 64 3673
1547 39 2885
5084 59 2259
3417 106 2700
3072 82 270
4798 103 1709
3245 44 242
1905 85 4354
4391 37 2286
495 26 4143
1242 20 2455
3643 13 2117
3304 39 4320
3640 47 4982
