550
2018 51 1394
1730 33 2444
4384 76 728
1633 95 2039
1747 17 3067
2505 24 4523
1276 12 769
4621 84 4906
4721 97 4262
1734 34 3771
4068 109 4329
1697 71 4756
4206 57 3033
1606 95 401
3664 96 193
2185 93 954
1691 104 1268
3781 57 5038
124 96 3135
2482 96 2179
785 104 2544
438 64 4318
4886 96 3896
3508 95 4161
3684 40 1221
1433 48 3843
2504 78 533
2116 93 201
1681 43 4589
4850 27 4196
4670 96 2693
2780 73 2235
3758 88 594
3350 29 2984
2880 91 1729
3805 76 2925
273 15 1304
217 78 4230
3611 108 2623
4489 105 117
4233 80 3636
1210 14 3500
4187 71 3496
4395 34 2720
4025 42 828
211 76 2530
2798 59 2119
3814 109 2288
3479 86 2939
3105 71 3542
3591 61 4429
3416 44 4865
3944 16 1675
1767 90 1337
2610 70 3323
4322 56 3185
518 35 1395
351 89 1090
635 64 883
4527 104 1133
739 84 1117
2129 97 3261
4652 89 1542
4766 99 5014
899 26 4083
2755 56 273
3909 73 3162
5018 47 2954
4249 85 4290
3503 23 4430
4416 13 693
4985 109 3005
3139 38 1424
3667 13 2918
3866 58 989
421 73 1157
1396 72 2814
3563 72 1737
4268 102 1893
3916 85 2501
3168 68 3200
2151 60 2857
2462 46 1973
360 57 635
4014 99 3160
1114 104 426
3382 28 2092
1583 31 2083
4115 74 343
4750 17 416
670 45 4439
1169 57 3561
1291 54 4301
4883 15 4608
2982 85 3930
4310 28 1529
4985 19 3729
1264 14 2591
470 55 4625
2190 73 3279
2007 40 1944
4096 90 2359
1804 18 2005
1149 80 4962
3679 79 379
360 91 4339
5022 108 3936
3646 17 3005
2911 57 3955
2060 76 694
773 50 2740
4729 74 2398
1301 14 4812
1585 20 803
3408 48 930
3432 51 580
1066 11 2197
915 106 3307
4902 15 2853
5074 30 297
3205 10 3948
3174 99 2527
2519 99 1083
2836 24 1522
4139 43 2210
3223 36 975
4657 47 4444
2506 91 4542
417 78 4528
833 48 2863
180 90 4511
1390 68 2133
3607 98 4389
3338 23 3387
2634 100 1596
681 106 4645
2572 35 1093
3154 86 3465
1019 63 2796
2388 99 3034
3818 65 1169
4743 92 3616
4473 71 3327
4571 54 431
4927 92 1815
169 109 2695
735 44 1646
2656 73 2100
1103 101 3074
3766 31 4713
3673 99 3959
3561 80 3562
293 36 2355
4969 51 1870
4324 30 3909
1828 21 4888
2323 33 527
4765 65 665
4615 11 808
4487 61 4924
2947 46 4307
1914 83 1488
3767 97 3060
1064 97 650
661 94 2644
3739 106 179
2004 85 256
520 72 1175
1578 16 1758
4700 57 2330
3534 90 3317
448 26 3195
3359 102 1310
2982 74 3190
4974 13 588
2943 99 4204
2106 22 4277
4898 15 3864
4638 100 2706
4195 81 791
3896 21 896
2482 85 4540
1195 75 1074
1896 19 3034
3698 97 3113
1619 108 4055
643 99 1884
2752 92 954
2901 84 777
2422 72 358
3165 13 3398
4044 63 3306
2162 95 2991
3266 12 1286
562 24 597
564 61 4707
1365 73 442
2460 11 1895
2441 15 102
2005 27 4981
2790 81 2810
4727 49 664
3581 45 4839
2596 97 688
282 105 3770
388 82 2816
371 51 1240
385 69 4012
339 82 5062
571 88 4080
4881 103 2236
3720 97 4024
3197 20 1626
3101 96 3197
3845 83 2570
3424 101 2748
4876 53 4462
4750 32 1727
4712 35 789
1586 60 3528
2123 72 502
3216 72 2149
3469 106 3827
1052 88 3843
2557 62 4173
2782 109 3982
1094 90 4875
3693 68 3984
1897 90 1285
1452 31 3879
2489 33 3919
4659 15 5038
192 14 1502
2066 51 442
3059 12 1561
1773 95 4086
3054 89 477
3717 50 2813
482 98 858
3659 18 2994
2897 43 1311
2548 88 955
3578 65 732
3830 98 3959
4722 91 1284
2721 26 4533
800 99 3221
4403 96 845
2196 63 3714
1634 77 4307
3027 93 452
787 51 1020
357 26 739
3096 14 4246
2181 93 1557
3589 61 424
4977 69 139
227 108 3803
4958 43 3552
4225 67 1790
690 92 3284
4317 17 3763
1482 65 1421
4376 84 1598
2495 78 4770
1416 79 3929
2857 98 220
1089 29 3876
1423 77 4079
2701 70 895
2050 83 467
4439 77 4710
1812 53 295
1788 13 2825
4802 10 4415
5023 17 2417
789 26 904
1533 73 2948
162 89 4017
616 100 4691
4059 93 2750
1311 30 3174
2798 31 2065
263 98 2193
2376 75 3775
3787 84 4497
2451 75 3848
4426 87 3688
2787 45 313
785 51 2475
3988 43 445
3033 31 1717
1395 71 2152
2921 15 4739
2410 40 1484
4483 41 3327
1249 16 743
554 13 2459
1815 106 4773
321 99 3866
3063 58 5025
759 93 3352
1900 56 3355
5042 16 1158
361 52 2605
2103 33 1392
3287 81 4017
1507 13 1695
342 107 877
3549 33 1397
844 24 375
979 33 320
163 45 2089
2462 87 3144
4703 89 1800
3621 99 2936
3486 69 172
1925 23 3568
526 87 138
3994 58 1934
1011 34 1036
1595 60 4640
1208 21 590
392 89 3592
846 23 4183
395 49 1428
3195 86 4119
165 64 2855
4592 107 1802
1179 104 1491
4453 88 163
2326 28 3550
1664 21 2935
4342 55 4491
864 58 1999
4012 30 1997
2360 12 324
2297 32 2717
3949 68 3571
4541 18 2690
1352 49 1713
2075 81 1142
5074 21 4075
2778 22 2673
1612 40 3108
1760 16 3901
273 40 4659
3045 38 4738
2822 95 3638
1504 99 4315
2577 22 4081
5016 11 1858
283 43 953
341 26 2443
2839 78 4576
4750 100 5063
3187 56 1950
3018 78 1984
877 53 4251
1851 42 4135
3266 85 1549
2758 22 2070
615 77 3898
1020 20 2521
4528 80 4613
4114 75 3554
573 31 3553
3333 66 2653
2964 77 1823
319 109 431
3044 30 1749
2070 93 597
4893 64 506
2367 32 2782
4710 58 1586
3586 109 1991
1878 58 1900
4292 70 638
3530 46 4200
3316 96 3071
901 90 1517
1595 91 3169
5077 80 4929
2192 54 4079
3713 62 2005
4737 36 1693
3770 91 3667
4263 87 3242
862 56 1800
3600 59 1356
2527 101 4193
5092 80 840
1017 11 2355
198 100 1408
3248 79 496
4604 71 460
4641 96 2806
137 98 221
2467 79 310
2036 67 4030
1696 74 4154
2198 29 2193
2213 23 992
2873 25 5029
4379 69 731
4443 38 2740
562 81 984
3508 10 2896
994 46 262
1666 72 3697
4258 97 2407
974 106 2715
575 94 1333
3345 41 4129
4317 87 2354
2373 24 3170
4844 47 402
665 11 3363
2813 92 3798
306 10 2877
2806 69 5068
142 26 1014
754 52 2164
2066 37 3650
1391 25 1640
944 10 377
4108 39 201
2786 94 876
2531 79 798
3724 14 3981
3426 67 423
3889 53 1135
855 23 1117
3893 33 1881
2716 14 4178
4367 107 1002
2102 75 1256
1735 13 2144
2032 93 3470
4551 13 3530
570 82 2955
3335 81 2842
2911 108 3943
1495 44 3884
2549 57 2599
3471 109 3665
3610 23 797
4371 29 618
2452 79 2673
3998 57 4738
2597 38 3240
1881 72 916
3318 50 2053
968 17 1091
1940 78 3238
1519 28 1070
3261 56 2889
3383 20 5005
5010 43 1912
3004 56 1274
4022 19 2264
1496 56 2707
3760 36 332
3077 34 914
1030 14 489
1032 35 713
1436 104 4759
2900 27 321
3121 80 4578
3650 36 3720
3444 72 990
4881 43 478
3743 41 5042
1796 19 2897
3154 67 1675
3908 103 1860
2463 38 1294
4438 14 3926
2932 77 858
1666 42 2815
2800 21 4235
2796 70 2984
1036 92 2175
5020 22 175
4624 51 3882
1566 95 1885
1698 47 677
3316 36 833
4534 50 339
1215 57 3588
625 106 466
3262 12 3396
4574 18 4379
2558 109 1313
4491 20 4890
1431 42 3036
4083 100 4870
1946 65 3815
1736 59 3502
2990 101 1166
378 87 4846
3932 70 396
4740 21 1115
1853 53 1469
1597 94 4575
2572 81 3761
4784 38 1565
3702 50 425
3310 99 4835
3083 100 5002
1902 105 226
3584 70 2192
2791 71 2380
1030 83 2740
3639 100 5037
4733 40 3417
340 14 1309
2161 13 4891
622 33 1087
2604 105 3563
3545 41 358
3464 14 3971
723 65 359
3143 70 1068
4785 42 4145
4558 59 110
4211 53 2668
1186 70 1348
3063 109 5021
2404 10 325
2307 106 2980
3624 62 4002
1079 35 3272
4327 34 1761
1297 108 1895
385 51 396
4215 25 2613
509 88 4769
2621 89 1820
4029 77 1647
2968 58 2697
2420 32 401
823 24 2555
4931 25 677
3362 91 2003
2268 108 4950
445 41 1900
2621 16 1696
2184 46 2636
4570 40 1241
