850
4415 44 4855
3553 94 2430
3005 87 3379
1126 79 2029
1238 72 118
2045 101 4783
4523 52 338
4314 20 3911
4699 11 954
4875 36 5074
3479 59 4224
645 102 3755
3734 72 4751
2747 28 2721
4858 21 1887
3251 99 233
1648 98 4137
2284 62 5092
4741 97 4807
2671 29 2337
3613 93 1659
4261 23 3282
2564 56 3107
2376 61 343
1165 86 4244
697 58 1507
3704 88 4911
3412 31 4047
3915 21 1777
1546 107 3151
1576 83 5082
4846 37 2483
1448 97 4351
3602 39 4648
3344 47 3658
4053 38 233
1160 30 4702
1148 105 3784
4356 13 3199
3971 38 4346
1194 27 628
1063 52 1940
4742 42 3654
2929 89 1131
4660 84 3578
1977 72 580
3008 31 3205
197 60 1832
259 51 1779
1705 56 579
3530 10 3886
1471 76 3219
3698 77 1787
3760 85 3435
4517 95 2983
3834 51 1578
3359 53 3926
3481 33 5035
1411 58 5054
4735 54 2617
439 80 762
797 30 4553
1341 80 5038
2324 47 1191
3298 78 4239
641 13 1550
4318 109 1417
5038 53 3826
4820 85 1063
4398 78 574
4131 87 3309
3140 90 4741
2917 92 3043
4537 93 2930
2035 81 1111
4133 53 2521
2192 16 1292
2583 25 2075
621 24 5025
4907 42 2460
1489 61 1377
1744 34 2404
4484 88 1686
983 80 3183
2875 19 2734
750 84 2643
2526 60 4979
5086 87 1137
3321 27 420
3311 101 118
1405 56 3207
1984 37 3841
2517 85 4856
4035 37 2413
2891 93 3347
233 91 731
4899 23 3700
1251 29 344
1431 11 1632
4317 35 1686
3393 102 1106
3773 97 545
4824 14 808
571 90 3643
2392 64 4213
3797 56 2933
4529 12 4439
425 41 905
1682 66 3508
1004 47 3075
3626 45 2298
3466 48 462
1139 98 3686
1351 95 769
4558 44 198
2716 36 3156
4863 31 794
1601 104 211
354 85 2050
2242 54 164
5039 88 2007
3143 102 3006
544 80 779
837 54 711
440 42 1416
2508 43 2967
620 56 3047
2486 98 2079
357 55 3012
2780 109 244
2699 26 3641
4238 34 1951
4529 59 1777
1198 31 3109
1708 75 3137
495 71 809
2026 49 3699
1544 108 3898
544 63 1751
900 18 4296
2758 18 2041
5008 67 1090
1478 46 4435
449 89 1448
3614 47 3551
3643 20 2180
1333 80 1335
2794 81 4180
2563 63 2096
2189 23 3531
1084 41 2819
2462 88 2182
3564 52 4939
276 64 3156
3161 76 2314
4895 28 3406
3732 39 2203
3289 100 3190
2867 53 3181
1693 88 4510
3012 42 535
4784 95 1695
2441 20 234
1133 107 2760
3720 67 194
3408 50 2601
2076 84 4442
3619 42 3406
3575 50 2997
3798 82 3216
207 106 3901
1270 108 4187
2718 15 731
1220 106 3726
111 54 4347
1952 24 2911
1338 98 4857
1852 71 1444
5011 16 501
2969 75 589
2313 74 3764
1969 55 4966
1414 55 800
2310 90 2153
5066 71 2864
4977 57 649
1367 88 3353
876 96 3319
249 62 2688
1188 87 130
4064 86 724
3470 55 2197
4341 53 2471
4360 12 4661
4780 91 3893
2108 59 977
2733 82 1743
654 35 2767
956 83 3765
587 14 4920
2234 102 2226
385 70 1754
326 63 3397
2246 51 2722
3682 101 2847
4189 70 119
4645 74 3219
1233 76 2985
2636 79 2106
1944 51 1260
1054 106 1965
894 15 1485
3117 33 4455
4668 26 3424
4493 89 1525
1443 90 2334
1481 101 230
3759 108 3837
3972 98 4168
4394 39 2464
4125 51 2232
2406 97 360
1475 100 1535
1089 73 4843
4381 48 4655
1068 51 3089
2091 36 785
2522 98 4300
2951 65 3476
1707 75 3972
4848 34 4807
4435 16 1290
4411 95 216
2813 93 963
4185 90 1935
2865 102 332
4543 16 1817
4892 85 1164
4280 93 1353
2166 64 3743
2226 80 4635
535 64 3000
3061 35 351
444 68 282
3469 107 789
1715 57 1293
926 40 3933
3562 17 766
3769 109 4012
973 103 432
4778 99 2252
1044 100 3533
264 77 547
1228 44 2152
605 106 3128
1760 80 1321
3095 20 1139
4960 70 2035
1450 101 401
2402 84 4072
3734 45 3764
1513 41 2046
3787 99 909
3380 65 952
2026 99 296
1401 79 237
3043 75 532
478 40 2813
3303 42 4844
2681 106 344
3047 96 2016
4628 73 485
3796 87 3544
4624 95 481
1951 59 4687
3010 61 247
2807 44 1973
3731 21 1348
3298 89 4225
1441 45 603
3164 60 4096
3989 46 3156
2182 97 1900
619 98 2196
1664 97 3391
2718 27 4615
192 35 3187
368 84 3570
4550 61 3118
835 21 295
1625 87 490
2554 66 2470
1756 76 3700
3434 99 4424
988 21 2198
3438 89 1875
2854 62 4754
2893 60 4352
1865 76 3851
2589 30 625
3541 35 3862
3938 23 4442
2481 109 1429
4124 107 1543
1466 102 181
201 12 806
4987 34 2541
1946 50 1429
2945 89 4991
4664 23 651
199 74 172
2533 108 4570
1734 75 1548
5025 19 225
1451 12 1531
4320 51 193
1738 62 3375
3541 105 2411
579 14 1121
4998 18 5022
3171 81 2399
1798 76 3304
4499 56 4820
1318 39 960
719 90 3333
1217 27 532
4828 42 1165
859 25 2203
4111 106 4662
2228 32 4241
497 73 4789
138 12 1735
680 63 2516
1602 73 728
3648 97 1683
1499 58 4262
4724 18 459
3963 88 894
4271 95 4657
3721 105 1062
4771 99 3337
2781 100 213
240 58 1642
3557 38 3457
3570 22 1989
4941 108 4259
3109 47 4259
1546 63 1650
3392 104 758
2685 48 4672
1483 47 578
2082 87 4630
4945 78 4429
2859 14 4540
1814 81 3346
1866 76 2303
4458 40 955
1609 70 1103
136 24 2643
407 31 4287
772 74 4640
2481 41 3546
4039 37 1518
4231 23 2181
2571 37 3543
3437 93 985
2022 34 1257
4254 105 3665
1232 98 3323
3992 60 4910
1099 73 296
2413 59 120
2105 106 3404
984 20 4850
1058 68 4853
3648 70 1287
1344 38 3760
4440 39 2053
4531 22 2359
4308 14 2532
2180 85 4701
3378 56 4455
3043 31 534
421 97 1098
4653 14 2121
1689 31 1178
1844 56 1389
619 91 4153
4795 27 631
1470 53 1038
809 32 3377
2481 75 3191
321 88 4771
3106 79 3675
2573 101 538
3837 62 1683
1115 92 787
3780 43 4490
2824 83 201
4589 44 1516
3683 31 477
3865 62 129
3705 42 1015
3860 60 308
1679 46 3231
1100 59 3025
1943 33 2284
838 51 4688
4913 50 1528
5050 47 1240
2884 107 992
177 78 1393
4311 83 1401
2716 51 3126
4056 108 5083
1427 58 2601
4541 73 1412
1254 86 4646
4446 58 2346
4242 18 4960
2317 104 1381
4565 68 4371
3854 37 4828
2812 22 955
1862 100 4619
5083 38 2246
1242 92 1553
631 86 3252
3305 32 273
1309 70 498
4273 57 3070
4500 107 4555
1653 100 637
1300 93 3901
1100 49 2842
5038 36 1573
2156 93 3092
4944 64 3403
1779 59 1757
110 96 3434
101 81 2708
2736 65 4485
726 14 3400
4480 14 684
759 75 617
2066 25 1704
3400 97 3953
1500 107 4503
2803 48 2585
3970 38 702
2425 52 286
1036 99 385
4165 19 236
2543 82 1860
2665 40 601
3018 17 2977
489 50 882
1403 94 2280
476 100 4775
2272 10 384
928 11 2502
1401 75 3370
2738 45 2456
2122 20 3288
4282 59 4492
3219 48 3208
853 97 3129
2893 40 129
929 35 4119
4964 101 3041
2021 69 1164
3276 67 398
3622 104 3141
1312 60 2897
2158 94 1175
3097 91 1507
3422 34 4328
1432 18 1692
2119 51 488
1668 58 2295
2719 103 1669
4935 26 3613
2985 40 3042
669 29 4908
2514 61 5015
726 72 4826
2285 79 3922
759 11 3004
4648 36 567
2263 52 975
3059 46 468
3053 67 289
413 40 3306
4095 97 671
2583 16 1727
1632 80 3121
1776 99 3288
4041 24 1016
3965 106 3793
4567 95 778
4303 12 4806
2987 97 3113
703 71 1718
3073 73 5066
2059 85 1077
385 32 2881
4222 25 1594
4622 27 466
1960 25 3123
3240 105 1187
1923 63 1040
2209 20 3847
1469 20 535
3927 22 3827
3634 108 2920
3310 26 3229
1560 42 201
4025 12 5094
724 76 1857
2933 74 2269
3620 101 1102
294 55 2930
4423 79 2379
305 50 3204
4505 45 4748
820 20 1623
898 107 2953
1741 10 1310
1729 93 2887
4196 71 624
3565 59 2982
4664 109 3130
3230 63 3649
1767 105 2554
2468 46 890
4527 77 4480
2694 73 844
4984 48 1701
662 84 1011
4514 12 4464
1117 10 2040
1983 73 433
3351 71 1575
2403 100 4078
2656 74 3508
559 97 3929
2727 88 3789
2379 91 2480
563 55 1817
987 98 781
175 103 3679
1586 49 492
2326 10 3908
3217 28 4586
1652 65 4156
3612 19 1497
4012 15 2731
452 15 147
5097 51 911
1784 44 979
2319 89 3707
4564 76 4338
2463 91 3862
4514 86 1125
4759 51 877
4928 77 3641
1531 14 4587
3217 71 4863
3670 40 1968
4629 106 2835
1585 43 935
943 95 820
1097 26 3676
3181 105 1591
690 35 1504
819 98 2525
1829 30 3085
2039 27 2282
3299 107 1585
3309 28 4849
4217 35 2988
1670 54 2524
486 99 1364
5014 18 4353
3451 92 3892
3017 89 1367
2631 33 4326
3798 89 761
1472 21 3362
254 78 4127
3621 91 2648
1186 35 501
3926 106 3087
332 53 4484
2517 46 2696
3083 43 1046
313 58 1272
4661 15 4847
1205 42 2849
4000 58 2257
2630 81 2661
2024 53 4026
4977 104 2168
1846 37 2188
3956 80 1312
901 21 171
4871 58 2065
4692 43 302
3303 107 2218
4261 14 3198
3873 39 161
1401 52 2840
2786 91 328
315 108 3399
1598 62 4429
2158 14 2741
199 76 3422
882 34 254
4243 51 1625
3041 48 3715
5095 70 2224
812 102 1191
877 79 3777
864 81 2107
1038 59 733
2197 58 4754
383 92 2423
3566 109 973
3483 90 5084
3468 15 4840
4018 70 1038
1291 19 800
3733 46 2081
2673 23 724
1859 106 4020
4546 26 844
4361 98 1569
470 27 3667
3852 47 4515
3555 52 1824
4291 77 1230
1832 66 3117
1273 50 2663
1287 99 2864
2603 106 3843
1305 98 461
4196 30 1462
4529 81 1247
3409 67 534
3950 51 4661
1188 99 1370
4805 60 2836
1518 102 1181
4002 79 4552
4800 52 2434
1247 95 3449
1689 42 1271
2033 85 147
1095 13 904
4452 96 3905
1809 35 1826
1261 68 4436
2580 76 2673
4851 79 2394
2804 44 127
4399 109 867
4008 80 5075
1221 102 976
1500 32 3921
1328 101 1468
4690 57 2074
4588 52 1731
964 28 2783
2902 76 1373
312 41 3347
2845 105 2994
2167 48 3351
5058 83 2759
1557 63 1438
2053 54 4970
3198 97 2169
362 11 1796
4733 107 746
1847 93 4404
198 90 1666
459 16 4216
2891 58 4450
228 36 2887
4388 101 1016
1380 53 4202
3257 107 2835
4450 45 755
4252 65 1463
1697 58 2578
2035 50 1718
3515 27 4899
1472 104 430
2850 42 587
2713 20 1291
1491 49 385
178 80 3647
2567 107 847
2079 107 2695
2493 78 215
4680 63 2861
4568 87 4493
2124 73 3117
1176 62 597
5016 57 3922
737 25 2042
4759 108 4431
3118 10 4319
3252 77 2245
3169 41 3987
4611 50 3370
1474 39 1346
2276 45 253
3204 55 291
1695 70 158
4936 16 2686
3462 92 307
775 103 4702
4812 92 2744
4736 93 4978
504 46 2945
490 63 661
4002 83 3932
361 70 3132
3346 26 4165
3058 89 1315
1117 81 207
2079 26 3791
3709 32 1567
4156 67 3315
4317 81 2217
1152 73 3138
3760 67 5049
1338 58 4282
262 28 4663
4153 52 3673
552 66 4387
2100 65 4273
521 29 2489
3459 37 2996
4336 31 1265
2627 107 2777
225 104 3865
1450 54 2359
2215 13 2825
1137 93 3138
3185 11 3850
4878 23 4966
1942 43 2582
2511 15 2112
244 58 3847
2964 14 1997
3886 62 3723
3065 45 1736
2619 15 581
4132 84 3679
1375 50 709
1854 42 2160
1820 72 511
923 44 4702
2141 40 2055
427 108 1075
3870 16 1036
2944 77 818
3600 67 3663
2396 81 452
1817 76 4853
5067 26 4365
3098 96 3430
1921 50 4884
2568 90 3072
127 24 2514
1950 107 4093
648 29 3738
4006 65 4108
3725 92 2085
3562 52 1800
4743 16 4106
4199 14 3281
2141 88 4459
4122 96 5067
4652 65 4527
2768 31 4133
1617 22 2361
4118 74 3663
3291 18 223
3505 74 297
3440 86 4615
1594 80 1228
4628 45 272
4246 57 2163
2668 96 1057
3952 104 1130
4721 108 4202
3475 27 1597
2541 18 1327
1836 83 3475
2509 109 180
1627 93 1843
2165 102 4140
2096 18 2782
1680 96 3397
4915 48 3268
4840 98 864
4627 79 1092
5012 14 3991
138 72 3483
1933 54 1512
226 77 883
4874 93 3286
3828 80 659
2084 13 244
3789 61 2865
3332 41 4636
3003 22 2299
3021 61 990
4564 84 3909
3995 75 4745
2046 21 2052
834 97 511
1599 44 1185
2994 45 2389
4512 64 2540
4394 16 2349
993 41 3865
2585 47 4414
5027 87 4306
1888 34 4645
3192 36 3085
1459 72 3350
4159 71 3985
2669 56 3731
3251 66 1026
4146 50 482
3547 67 799
5036 83 1795
4705 97 2428
3952 18 1345
1602 66 4786
4424 28 738
528 88 1553
4160 45 4289
729 17 4493
3981 68 3663
4778 94 4057
333 96 3505
