1000
4217 89 1525
1412 22 3502
2999 47 4789
1136 24 4336
4715 81 2066
1047 46 393
630 36 3206
2045 44 3830
3374 55 2552
728 109 5081
4782 86 1286
4821 105 210
3590 106 3938
3604 56 4764
136 28 852
4833 86 401
3571 48 3399
3218 30 2168
3058 14 3464
2909 39 149
4447 48 454
256 66 1340
4236 20 4150
806 17 4823
1604 85 489
1177 99 1498
4661 65 2032
2807 47 2415
102 82 420
2947 66 5083
550 70 3654
4987 49 227
5066 43 4739
699 77 966
1310 18 742
457 83 4749
4176 54 2127
3500 27 1463
524 69 4783
3969 20 5013
1687 34 126
715 76 1488
2798 10 1925
205 67 1770
2836 58 3644
3500 98 4503
2401 87 337
3245 85 2816
2771 65 4135
2833 43 5000
4998 105 2275
4402 82 2341
4420 12 2021
2409 56 3032
4379 96 4765
3737 107 2560
4636 64 491
2466 79 3573
1693 15 3327
2480 41 4927
803 65 3339
2800 24 4493
2699 97 206
1783 55 3186
1272 72 267
1870 28 4558
4923 73 1689
627 67 5078
117 65 3495
4525 94 1066
4526 33 1022
3872 34 2639
3484 56 3738
3187 45 3187
992 107 1806
2097 75 4022
1896 58 1000
1557 107 970
3035 12 2988
3574 46 3073
3188 34 568
4325 11 3546
3928 33 4807
166 74 1594
3124 14 1958
1692 86 1469
3012 100 1515
2866 109 484
4526 83 921
291 10 578
1046 38 4467
4751 100 1923
2267 51 4610
525 31 366
4036 99 2234
4887 62 4932
2231 12 2388
1855 108 1907
1485 25 809
2574 28 1465
361 91 2251
607 16 5024
428 96 1858
3467 24 634
1633 90 1216
808 105 1360
433 41 560
659 27 4320
4459 44 3565
3675 39 645
4199 76 4676
3610 60 2081
4136 74 2711
227 79 2556
1586 26 3218
3281 42 938
2188 73 2711
1554 59 4525
4994 83 2279
3935 94 4037
1307 103 998
1249 65 4457
2394 25 5082
4090 27 4419
4887 47 523
1632 90 4698
4674 85 3792
2406 36 4887
1430 26 1200
4830 75 1415
1746 109 1952
1736 42 343
793 30 2646
4157 92 3447
3288 34 2924
3574 65 339
4708 32 3733
3803 59 2448
4468 95 1240
815 95 326
141 72 4538
1776 66 2131
833 61 5085
5094 32 4862
2920 43 1832
351 86 852
1696 59 2684
1761 60 3456
2119 102 4932
3795 98 2469
1932 108 3340
3552 19 3826
5045 67 1233
2149 106 1965
3116 17 1798
3296 54 1845
3071 107 1387
388 60 1763
4793 17 4243
3294 32 1989
497 12 1932
1666 45 3962
3203 32 2666
3473 42 4110
2753 48 154
2433 65 1923
3547 19 3177
4130 10 2787
3797 80 1398
1313 51 559
1411 48 1471
3452 10 4361
4819 54 1544
115 106 3054
3837 48 1948
890 17 2049
3567 70 2239
878 10 2780
3416 20 1416
4014 34 4587
920 107 3448
1186 78 1694
3704 48 4528
547 80 4152
4054 22 1094
3294 38 163
134 77 1564
4069 70 1036
576 46 2208
508 64 2028
3874 88 1863
3186 28 4640
1457 79 3645
4993 109 3899
998 89 1074
1371 33 2404
3536 56 2936
4410 79 315
2863 89 2551
2967 21 3444
1376 69 4390
5080 65 3286
1036 78 2861
561 86 4975
4981 30 2546
1276 14 1932
2518 109 3509
506 21 1947
1848 41 3052
3101 80 2614
2666 69 4735
111 32 3898
2583 100 1085
4932 98 1530
553 69 1216
3726 104 3870
1297 79 1569
427 18 3469
2707 107 4178
1082 96 4472
3250 33 2519
1462 70 2381
1785 41 5081
1148 87 3455
398 29 4558
3690 93 3583
3297 22 3166
1449 109 2175
1553 72 4304
2752 55 4429
3131 97 3898
1814 19 1595
3111 17 3343
739 48 1324
221 98 4347
3911 94 1500
2570 97 4612
3690 16 3658
2763 88 2652
4146 103 3549
159 22 4681
2968 77 4551
4817 58 202
5071 82 252
3537 56 2417
1294 22 807
1319 43 4746
1616 108 727
4791 13 1340
5030 15 3418
2363 55 1045
884 45 2617
2918 95 2210
379 34 2838
714 14 3664
1026 57 2253
365 96 4562
4565 57 375
1591 47 4141
540 47 5068
4787 45 4917
990 81 4054
3279 13 5068
3059 107 4758
4508 57 1642
3944 32 1294
329 90 3612
5087 92 857
1689 85 3596
1357 47 874
344 104 3643
668 33 3033
2152 105 3717
978 20 3604
3087 64 3451
4045 62 1882
2733 82 3013
1840 74 4830
2992 18 1437
1476 104 4005
2731 52 3830
3115 62 3699
1160 69 5016
1926 105 2546
3439 38 423
2058 107 4490
4217 10 861
1746 101 2113
780 91 157
4278 107 4650
3352 47 4969
3549 61 4591
1910 64 2315
403 82 1104
3737 105 4317
4492 55 519
1542 50 1374
1004 97 2313
1691 104 750
488 49 4502
4908 66 3730
4727 95 1653
1476 94 2479
1087 108 4292
4857 26 917
2312 37 3430
612 37 1451
2413 87 4916
3039 104 2853
4520 19 2996
302 55 1959
1715 60 1948
3359 69 2848
2714 51 3284
3129 75 2019
4361 108 227
2499 80 2700
2768 103 1351
3640 50 3691
4165 27 1105
3530 50 2602
311 84 1735
751 78 588
4010 67 4951
5097 95 591
1556 41 3717
3230 82 190
2994 81 3493
3289 42 3585
1456 94 4131
286 86 918
2611 104 1946
4283 23 4002
1670 95 2734
1667 76 1772
2436 14 3799
4641 11 2332
4143 17 2502
3208 68 349
4777 17 1490
3730 35 204
3503 71 4182
1111 87 4280
3709 24 2867
3762 19 2690
2052 109 2086
789 30 2886
2098 100 4238
317 53 3576
527 61 3644
249 66 1560
971 40 3357
4712 66 2252
2872 66 1578
1785 52 115
1993 107 690
2161 100 801
2027 86 4157
3185 64 1107
2976 74 4946
3021 40 2033
4487 99 1217
2557 31 787
336 24 904
1193 24 4426
2005 89 4935
4407 15 2820
4140 16 4220
5016 73 4092
2421 100 3837
516 101 3076
4030 66 3772
4926 26 1890
3883 21 3017
2539 24 2043
1236 106 4071
5013 44 1081
1066 53 668
3696 21 725
4271 22 4858
1958 23 613
4668 14 993
3037 33 3089
259 50 2684
3349 38 4342
4517 105 887
4896 62 1831
3889 45 2503
1068 31 1880
3156 73 2862
2777 25 3839
2017 27 2437
3008 70 2484
3239 81 4350
1979 17 2314
4754 71 4417
1112 87 2661
2939 61 2627
1070 76 4014
876 14 922
1087 82 3775
2754 23 4770
1411 36 3360
2650 102 155
900 88 604
2242 89 3248
588 89 1500
4945 56 556
953 21 4150
2049 57 1154
2365 27 4789
2834 104 4073
4177 102 2846
387 90 1563
4160 102 1241
2434 28 4579
2986 95 1576
4347 60 2384
3116 79 114
4758 70 3245
4825 54 2729
4365 68 1404
1983 55 3521
3054 37 1263
303 80 966
3001 77 4802
791 64 4318
4100 53 915
3978 67 3114
2627 70 1049
3204 23 3905
4286 88 2402
2832 55 2321
1262 101 142
204 36 3974
2005 59 3780
4628 31 1827
1388 41 471
4850 70 1477
4829 44 2134
437 24 3574
2801 65 2806
772 51 2221
4294 34 671
3675 83 1027
1888 76 2440
2146 97 2437
4479 46 1766
2735 105 142
2832 32 3405
3604 65 1301
4261 22 1338
2806 62 2815
4854 67 1275
2854 95 2989
4655 55 903
4744 104 739
2972 42 1068
1293 82 4706
4478 38 639
4049 91 2126
910 94 865
3998 105 1659
1095 17 2462
4190 53 1720
2508 84 4240
2246 66 1671
2907 89 3003
2260 82 3001
2209 61 2459
5029 11 2085
454 81 750
1794 11 4740
2932 101 2364
4545 55 3831
1967 16 2704
3022 44 2193
4599 108 2583
671 31 875
333 71 4797
4238 18 3123
4114 102 986
2274 58 4080
1739 38 436
3191 93 4309
1895 96 4561
3553 63 3097
2787 45 1959
2329 78 3179
1831 23 4706
2889 47 1904
1145 12 3673
3657 75 3360
1280 38 3611
2142 13 3410
3116 44 2576
4598 26 1644
4806 81 1846
1716 51 997
2227 26 1737
615 48 2101
3015 16 228
3589 13 3281
2808 30 1431
3292 18 1447
1540 90 4392
2979 37 248
155 107 2803
4029 73 1111
4468 44 1092
4575 61 3239
2578 74 4590
2261 23 2602
3843 22 3672
4903 97 3974
3051 95 4060
1185 58 3219
2711 26 1317
580 52 2338
2931 35 3259
3878 10 189
1796 40 2774
291 18 4494
1687 18 4296
4249 105 2211
2045 46 2584
1856 108 2166
120 87 559
5006 72 4196
4940 17 249
4574 85 267
3922 80 811
1832 52 1734
1590 63 816
2493 17 4385
2578 105 2112
875 44 4107
170 85 4593
3179 88 919
1320 101 3249
1586 92 3016
3854 43 1360
2004 53 2715
4263 17 129
3936 31 1804
3387 104 3104
2422 17 3112
3686 108 2890
1311 83 3488
432 32 1796
3616 107 3783
3877 71 2078
806 43 4321
1811 76 3242
4353 29 1218
1342 78 228
3986 22 1383
3614 60 4968
3497 102 646
4314 62 2177
2618 46 2166
1037 88 3249
1652 54 1933
3728 98 329
402 11 2037
233 92 1546
4123 62 4170
3700 50 1873
4435 68 2341
3392 71 1582
4453 40 1160
3230 91 2414
4204 18 1829
1602 89 3288
1764 65 2405
4981 77 2621
1165 35 1528
496 99 1793
3110 58 4994
3311 45 4522
3751 20 1569
4866 18 5016
2255 23 3238
4170 95 2217
3526 75 1035
1483 73 2751
700 94 4505
3840 96 3191
1945 30 2498
3447 40 984
982 47 710
2396 104 2017
2130 93 1144
2328 82 2898
1497 39 144
676 109 770
2142 69 252
1545 92 809
4472 71 1281
1591 12 3814
3347 66 3210
3489 37 3896
3400 62 4214
2289 29 316
4866 34 1451
3163 48 1667
3107 95 3090
1690 101 2098
859 67 3196
1980 50 4937
3387 40 823
2928 11 4737
4202 105 3391
4981 105 4589
2012 96 188
1995 44 643
3508 107 3676
4350 43 384
951 26 4745
2834 71 1547
3576 33 1570
941 44 5079
2068 57 655
813 17 1645
4247 99 3913
914 72 2165
5093 109 1235
3093 97 4526
1224 76 2048
3750 40 3663
3488 31 907
952 19 328
1155 48 2874
809 91 394
1565 102 474
1158 93 4048
3429 61 1230
2649 23 2314
2367 36 3811
3039 24 1072
804 83 2709
1345 89 1869
912 108 1044
4281 45 4528
870 49 4884
1474 76 4195
3266 54 3454
1265 62 4850
955 106 4407
2186 81 4482
981 49 3925
2660 30 3388
695 44 457
2854 16 4397
1318 57 4533
3118 65 2495
2761 99 4783
2013 18 916
855 47 3519
1426 92 1673
713 64 3906
4060 18 3341
122 40 4548
1231 80 3114
2367 39 3536
4676 61 3912
3696 67 1816
2785 43 1454
989 46 1250
4682 17 3225
2566 58 2447
1652 81 3420
2226 99 4717
4241 77 4062
1172 90 1318
3166 60 378
3747 18 496
784 13 3663
2797 18 4078
391 30 3448
2283 12 3605
1758 81 1424
2093 95 4825
1505 60 4788
4566 108 1499
477 30 1873
2365 100 1153
1351 65 2938
1007 45 1063
3822 10 3069
3451 42 4283
1427 49 624
4448 79 233
1556 107 4368
862 38 1281
3127 67 2679
3026 42 2522
1418 64 2425
4167 52 967
3755 25 820
5078 66 3978
4285 68 4292
917 27 2227
1204 73 750
1461 94 844
194 56 2061
3327 36 451
1208 99 2108
4994 23 4711
2451 82 2494
538 53 4410
4588 54 1556
3285 71 2831
1560 36 1272
1656 31 1758
1750 94 3626
4487 27 1852
3968 13 2972
2053 83 2975
4344 39 117
4967 72 158
726 63 2584
4112 49 1180
1245 96 4804
4835 83 2854
2312 89 2383
1706 42 1943
1892 107 4618
1485 32 1513
786 109 2541
3498 82 1786
1252 76 1516
1494 64 3145
1079 83 5014
1344 30 3571
2504 92 389
2190 69 5002
3903 84 3250
4630 37 1236
1315 29 1183
3032 12 4213
3153 70 1068
2162 17 423
4963 51 2343
467 20 492
3934 20 3493
3147 102 316
4465 86 1629
1369 93 1324
3868 86 3469
569 103 4398
453 96 3229
2108 86 739
157 18 2109
4561 86 4547
2941 103 4655
2818 66 1384
1166 62 3785
4266 82 3066
2272 61 3952
903 67 3518
3112 73 2299
5082 51 4709
4292 88 3648
2391 82 2806
4357 70 1159
4748 15 2180
685 103 4830
2230 37 3916
1868 70 518
3516 17 3706
4524 56 1619
4592 87 2054
4506 77 1307
3819 65 3848
1296 10 2678
5018 46 3428
4670 34 321
224 82 3063
3787 93 2453
1868 21 4769
4697 105 718
2201 101 2986
917 45 2094
1473 63 1381
353 108 4519
1596 46 3197
314 25 3537
421 16 1361
4924 45 4253
3199 71 3240
2477 65 3160
1522 103 3729
2880 75 2774
3121 103 786
3858 75 368
4344 54 490
3371 65 4751
1878 41 1068
147 68 5045
3161 107 2608
3071 45 1464
3302 101 3865
1396 13 2711
357 89 1524
2122 20 2229
3319 60 4650
838 42 442
1887 21 510
1396 26 4918
1343 51 3674
4415 105 2850
1915 102 115
4836 30 3982
2234 51 4000
3127 16 3050
1801 54 4721
1795 89 1477
2435 68 716
1414 35 3046
2422 12 509
4495 16 1748
2700 53 3340
2964 58 431
2411 104 1414
1900 44 3230
4050 92 2779
2355 84 116
969 78 4601
765 82 523
741 54 5001
1333 63 4296
1717 58 2090
2969 69 3633
191 107 981
3241 81 774
580 38 186
4874 12 651
3413 15 3581
2500 95 4989
2435 106 2948
4281 42 3412
1425 52 3655
4718 32 4219
1927 82 1360
505 67 5035
2370 73 1446
2603 40 3050
261 29 4329
2621 48 2818
3374 16 2349
211 105 4542
3847 106 1139
3907 12 3730
3933 84 2435
2749 89 712
5007 41 3706
534 85 5087
4432 17 1919
3265 103 3725
2684 26 4307
3287 96 4541
2449 69 825
3399 47 2063
2748 99 3090
4619 96 3719
663 30 460
3455 22 2331
4834 31 4930
1941 20 1949
141 82 2341
4370 55 4277
4175 71 667
4548 106 3809
4238 24 3883
2443 56 101
4315 33 3099
2814 13 1548
1944 73 3998
818 101 3517
3488 42 1814
2177 14 1513
826 101 2914
5028 61 4753
4205 21 2459
4198 109 4836
3546 42 2066
744 84 3262
1497 31 3494
2932 44 3176
2985 27 3833
476 29 409
2392 48 748
3838 80 2905
1921 13 380
491 45 4174
1391 35 1258
4500 39 4560
4770 21 1075
4310 91 1064
5073 46 1361
3563 58 3289
136 84 2158
2145 40 1126
4028 99 3651
4362 55 3815
129 30 1734
2545 48 4768
3756 69 556
4139 76 957
3423 30 3811
3386 64 2182
3242 107 1991
3362 93 884
773 44 3544
1495 65 292
3072 52 1403
2060 43 1616
881 23 1385
2721 99 3905
3638 88 2248
3617 99 2783
1350 82 4859
3127 36 2295
1806 82 3324
2623 105 4020
4298 17 2599
3335 51 4818
3509 18 136
1608 107 2479
2018 80 1764
3848 92 2447
3074 41 3684
3112 105 3921
2486 27 3526
1324 14 4433
1772 12 2255
2193 30 4729
4245 83 2109
164 33 5056
2123 78 4697
4511 32 2169
2646 38 3645
2961 59 2551
1227 74 4237
4257 99 4976
4993 56 1874
400 76 1769
3927 85 1831
4649 82 2296
4795 72 3560
260 47 1683
1657 65 234
1747 23 364
1529 108 1940
3388 57 3650
1629 10 4296
1462 71 1305
3010 41 487
1119 49 783
1978 87 4721
4459 107 744
3223 59 3535
2593 36 1182
3100 89 2151
3847 69 2962
2343 48 374
3373 43 3012
3873 13 2905
4025 11 944
549 83 4696
2305 10 2974
3948 82 4120
785 25 961
1547 106 130
2512 27 2978
1757 80 2992
2295 90 267
4674 103 2699
1177 54 2119
4506 69 1348
2300 14 4368
4181 98 2572
2062 98 3243
4457 82 1948
1159 31 4168
3837 71 3979
2673 40 708
3920 35 2896
2868 35 3090
4100 65 3571
2687 71 2896
2717 10 1102
4629 61 4814
206 63 3019
4010 80 617
2036 29 4309
815 88 352
4166 45 2564
499 93 211
